-0.05236,0.00196588
-0.10472,0.00544763
-0.15708,0.00338977
-0.26180,0.00381682
-0.36652,0.00759778
-0.47124,0.01860525
-0.83776,0.01772125
-1.30900,0.01317716
-1.93732,0.02751481
-2.61799,0.03232397
-3.40339,0.02184737
-4.29351,0.03952000
-5.28835,0.06164355
-6.33555,0.06525665
-7.43510,0.05262304
-8.69174,0.05088469
-10.05310,0.06995276
-11.41445,0.08586519
-12.88053,0.08276162
-14.45133,0.08493746
-16.28392,0.11002944
-17.90708,0.11772145
-19.58259,0.10570651
-21.25811,0.10757942
-23.03835,0.10750451
-26.54646,0.26455012
-28.43141,0.14760755
-30.57817,0.15211548
-32.41076,0.14048852
-34.29572,0.15314074
-36.12831,0.14899415
-37.96091,0.15114309
-39.79351,0.15623176
-41.62610,0.15994085
-43.35398,0.15218547
-45.08185,0.14680357
-46.80973,0.13949069
-48.48524,0.08810756
-50.16076,0.12211313
-51.83627,0.17293011
-53.72123,0.25207448
-55.23967,0.14200333
-56.81046,0.07430156
-58.32890,0.10383362
-59.84734,0.15226041
-61.31341,0.16018546
-62.77949,0.10367162
-64.24557,0.09413199
-67.07300,0.23207921
-68.74851,0.14608000
-70.16223,0.09703394
-71.62831,0.09963832
-73.04203,0.12151381
-74.45575,0.12625924
-75.86947,0.10585731
-77.38791,0.09081125
-78.80163,0.09178870
-80.16299,0.11690298
-81.47198,0.10539087
-82.83334,0.07504214
-84.24706,0.05633685
-85.87022,0.10286584
-87.28394,0.13313222
-88.64529,0.13719921
-90.00665,0.10972100
-91.42037,0.10541234
-92.72937,0.11080122
-94.09073,0.09021728
-95.39973,0.08068909
-96.76109,0.10042187
-98.01772,0.09791525
-100.47864,0.15556048
-101.94472,0.10119060
-103.20135,0.08347280
-104.45799,0.08534453
-105.76699,0.09250880
-107.07599,0.08047054
-108.38499,0.08521147
-109.64162,0.10187159
-110.89826,0.09514595
-112.36434,0.08884498
-113.62098,0.07880093
-114.87762,0.08575378
-116.13425,0.08203340
-117.39089,0.07713573
-118.59517,0.06879149
-119.85181,0.07372496
-121.05608,0.09742323
-122.31272,0.09031752
-123.62172,0.07404021
-124.87836,0.07282542
-126.34444,0.08861299
-127.65343,0.04048672
-130.21907,0.19053492
-131.52806,0.09972055
-132.83705,0.05193435
-134.14604,0.09505282
-135.45503,0.12431698
-136.65932,0.10509034
-137.91595,0.08050901
-139.17259,0.06731573
-140.63867,0.10006859
-141.89531,0.09648119
-143.20430,0.08568137
-144.51329,0.07850102
-145.82228,0.08594374
-147.18364,0.09014122
-148.54500,0.09310301
-149.90636,0.11221959
-151.21535,0.09632596
-152.52434,0.08725362
-154.04277,0.09403026
-155.40413,0.09132108
-156.76549,0.09625099
-158.12685,0.08487322
-159.69765,0.10337394
-162.52509,0.20219097
-164.04352,0.08992983
-165.50960,0.08748046
-166.97568,0.11315488
-168.44176,0.11097379
-169.96019,0.10111754
-171.47862,0.09537221
-172.99706,0.10213550
-174.51549,0.11647693
-176.08629,0.11431164
-177.70944,0.10011820
-179.28024,0.09652213
-180.85104,0.11770052
-182.73599,0.13637792
-184.35915,0.09300946
-185.98230,0.09721397
-187.55310,0.11546472
-189.22862,0.10842125
-190.95650,0.11087649
-192.57965,0.10057735
-194.20280,0.11077741
-195.72124,0.11351532
-198.75812,0.19882783
-200.32892,0.11753696
-202.10916,0.13467652
-203.67996,0.09726298
-205.25076,0.09531397
-206.82156,0.09445383
-208.28764,0.10163534
-209.91080,0.09616384
-211.48160,0.08360855
-213.00003,0.11072633
-214.46611,0.11411875
-215.98454,0.09150931
-217.45062,0.07474872
-218.86433,0.10110661
-220.48749,0.12010182
-221.90120,0.08028598
-223.36728,0.06946716
-224.78099,0.08012305
-226.14235,0.09643840
-227.50371,0.08144603
-228.81270,0.06867902
-230.17406,0.07224043
-232.79205,0.15185884
-234.10104,0.07625171
-235.67184,0.08649831
-236.98083,0.06801808
-238.34219,0.07703086
-239.65118,0.08291338
-240.96017,0.07355254
-242.26917,0.06863637
-243.57816,0.07587433
-244.88715,0.08425134
-246.24850,0.07400240
-247.60986,0.06990191
-248.97122,0.06369580
-250.43730,0.06574076
-251.85101,0.07609317
-253.26472,0.08656105
-254.94025,0.10374010
-256.35397,0.09066320
-257.87241,0.08743328
-259.33847,0.07717083
-260.80453,0.08313267
-262.27060,0.09175328
-265.04568,0.16981870
-266.77356,0.10729871
-268.23962,0.08680366
-269.65335,0.08180001
-271.17178,0.09616908
-272.63785,0.10030229
-274.05157,0.09537843
-275.51764,0.09130351
-277.03607,0.09511536
-278.60687,0.10322244
-280.12531,0.09439974
-281.74847,0.11087357
-283.21454,0.11659312
-284.73297,0.10200635
-286.25140,0.09435960
-288.03165,0.12505287
-289.60245,0.11018989
-291.17325,0.09919471
-292.69168,0.09943687
-294.26248,0.10751070
-295.78091,0.10993882
-297.29935,0.11221758
-298.87015,0.10042112
-301.80231,0.20994301
-303.63489,0.11898332
-305.15332,0.09605193
-306.56705,0.10307252
-308.13785,0.10367221
-309.60391,0.10056476
-311.06998,0.10314880
-312.58841,0.10480978
-314.05447,0.10930528
-315.52054,0.11004397
-316.93427,0.09001002
-318.66214,0.11427420
-320.12820,0.11331664
-321.54193,0.09769516
-323.06036,0.08279692
-324.47409,0.09347741
-325.88782,0.10943613
-327.35388,0.10217752
-328.76761,0.08949985
-330.23367,0.08997165
-331.69974,0.10201439
-333.16580,0.10138968
-336.15033,0.17334148
-337.98291,0.12426211
-339.44897,0.12883689
-340.96741,0.10995953
-342.43347,0.08430941
-344.00427,0.09172443
-345.52271,0.10656705
-346.98877,0.10545529
-348.45483,0.08065429
-349.97327,0.07969502
-351.70114,0.11865588
-353.21957,0.10308146
-354.68564,0.08809809
-356.25644,0.08946590
-357.82724,0.10365725
-359.45041,0.09520935
-360.96884,0.09570974
-362.64435,0.09558931
-364.21515,0.09462409
-365.83832,0.09380005
-367.40912,0.09771274
-369.03229,0.09694736
-372.27859,0.20729680
-374.32062,0.12778901
-376.10086,0.10519885
-377.82874,0.10253329
-379.45190,0.10616435
-381.12741,0.10202712
-382.85529,0.09587219
-384.53079,0.10449679
-386.20630,0.10772015
-387.93417,0.09254058
-389.60968,0.09868995
-391.33755,0.10797928
-393.01306,0.11108630
-394.74094,0.09937149
-396.41644,0.09772179
-398.09195,0.10392307
-400.02927,0.13398781
-401.70477,0.11978900
-403.32794,0.12105997
-405.00345,0.10965402
-406.62662,0.09664548
-408.24979,0.12252473
-411.54846,0.23185551
-413.17163,0.13115945
-414.79480,0.10613581
-416.41797,0.07266508
-418.35529,0.12610473
-419.97845,0.12918943
-421.54926,0.11306547
-423.17242,0.10345197
-424.79559,0.10149525
-426.41876,0.10266066
-428.04193,0.11876491
-429.66510,0.11836204
-431.34061,0.10063976
-433.01611,0.11776591
-434.95343,0.14356883
-436.62894,0.11568087
-438.30444,0.09490169
-440.03232,0.10397691
-441.76019,0.11813767
-443.48807,0.12829566
-445.26831,0.11860052
-446.99619,0.11836394
-448.77643,0.11581179
-452.28455,0.22787128
-454.43130,0.13968794
-456.21155,0.12228765
-458.04413,0.12168454
-459.92908,0.12173549
-461.76166,0.12063060
-463.64661,0.11865892
-465.47919,0.13925168
-467.41650,0.12266245
-469.40619,0.11080141
-471.39587,0.11394198
-473.38556,0.13233458
-475.37524,0.11535227
-477.36493,0.11269897
-479.72113,0.14297308
-481.76315,0.11754395
-483.80518,0.11041097
-485.95193,0.12447096
-488.04633,0.12362608
-490.14072,0.11591524
-492.18274,0.11131970
-494.27713,0.12520252
-498.36121,0.22830284
-500.45560,0.10894600
-502.81180,0.13083516
-504.85382,0.12919898
-506.94821,0.12816279
-508.99023,0.11897302
-511.03226,0.11568111
-513.02191,0.11983780
-515.06396,0.12076351
-517.10602,0.11887619
-519.09570,0.11711422
-521.19012,0.12326282
-523.28455,0.12713526
-525.69312,0.15209869
-527.89221,0.13527741
-529.98663,0.13643950
-532.13336,0.13792640
-534.22778,0.13583882
-536.32220,0.13598077
-538.36426,0.13985300
-542.02942,0.23696576
-544.33325,0.15937157
-548.52203,0.30330363
-550.51172,0.14631380
-552.50140,0.13829450
-554.49109,0.13178840
-556.42841,0.14291473
-558.78461,0.14986183
-560.72192,0.13876413
-562.65924,0.14248580
-564.59656,0.13288647
-566.58624,0.13975731
-568.52356,0.13770400
-570.61798,0.15648666
-572.60767,0.14501686
-574.54498,0.13699275
-576.48230,0.13529381
-578.41962,0.14478078
-580.40930,0.13978809
-582.34662,0.13668336
-584.33630,0.14514455
-586.32599,0.14058402
-588.31567,0.11901600
-590.67188,0.17988050
-594.59888,0.36156029
-596.64093,0.14802805
-598.68298,0.15087436
-600.72504,0.16247097
-602.76709,0.12296253
-604.86151,0.11161816
-607.37476,0.15033397
-609.52148,0.13080722
-611.77295,0.13644852
-613.97205,0.13388149
-616.17114,0.13241057
-618.31787,0.12866071
-620.51697,0.13050854
-622.76843,0.12463731
-625.01990,0.12232340
-627.21899,0.13969137
-629.41809,0.13417152
-631.72192,0.13911800
-633.92102,0.13517581
-636.48663,0.15534879
-638.79047,0.12920608
-641.04193,0.12643687
-643.29340,0.11587710
-647.79633,0.21219759
-650.15253,0.12961185
-652.45636,0.14952771
-654.76019,0.14927681
-657.74469,0.19622365
-660.04852,0.16981466
-662.35236,0.15522830
-664.65619,0.13315932
-667.06476,0.13357170
-669.42096,0.15611114
-671.93420,0.17081286
-675.80884,0.20153056
-678.63629,0.17307347
-681.04486,0.17249188
-683.81995,0.17256214
-686.17615,0.12226245
-688.58472,0.12531224
-690.99329,0.15299709
-693.34949,0.16404580
-695.70569,0.14134556
-698.11426,0.12443944
-700.47046,0.14043210
-705.18286,0.27303347
-707.74847,0.13109297
-710.20941,0.13386431
-712.61798,0.14694495
-715.39307,0.15953696
-717.80164,0.13085081
-720.26257,0.14093003
-722.67114,0.14733748
-725.13208,0.14189416
-727.59302,0.13184723
-730.10626,0.12494669
-732.61951,0.13041155
-735.08044,0.13510874
-737.59369,0.14066587
-740.47351,0.15489237
-743.03912,0.12679750
-745.55237,0.14192887
-748.01331,0.13904503
-750.47424,0.12548611
-752.98749,0.13050854
-755.44843,0.15390076
-757.90936,0.15479286
-762.88354,0.27625665
-765.39679,0.13497420
-767.85773,0.15714100
-770.73755,0.18982367
-773.19849,0.13994475
-775.65942,0.14529771
-778.06799,0.14804228
-780.52893,0.15942217
-783.04218,0.17224008
-785.45074,0.16906720
-787.91168,0.15611690
-790.37262,0.14060181
-792.83356,0.15839492
-795.29449,0.17413975
-798.12195,0.19161084
-800.58289,0.14979725
-802.99146,0.16333210
-805.40002,0.17203495
-807.91327,0.17689677
-810.47888,0.17154260
-812.93982,0.16266161
-815.40076,0.16367500
-817.86169,0.15895145
-822.73114,0.30692813
-825.13971,0.16896088
-827.96716,0.18217814
-830.48041,0.14626543
-832.88898,0.14467180
-835.29755,0.15492971
-837.70612,0.15168527
-840.16705,0.14367731
-842.52325,0.14571798
-844.87946,0.15263267
-847.18329,0.13514622
-849.53949,0.13439645
-852.31458,0.16100018
-854.61841,0.13090068
-856.92224,0.11639664
-859.33081,0.12174481
-861.63464,0.12390206
-863.88611,0.12779847
-866.13757,0.13613710
-868.38904,0.13483347
-870.64050,0.12815374
-872.89197,0.12222526
-877.29022,0.24719334
-879.90820,0.15017578
-882.05493,0.12826949
-884.25403,0.12866071
-886.45312,0.14178170
-888.65222,0.13288647
-890.74664,0.12325034
-892.84106,0.12736015
-894.98779,0.13946649
-897.13452,0.13329491
-899.22894,0.13186342
-901.84692,0.16448236
-903.94135,0.14603831
-906.19281,0.14536029
-908.33954,0.13864246
-910.48627,0.14652638
-912.58069,0.15328519
-914.72742,0.13744120
-916.82184,0.13848270
-918.91626,0.13766740
-921.01068,0.14559768
-923.15741,0.13953720
-927.24146,0.27959308
-929.75470,0.16441406
-931.84912,0.13734852
-933.94354,0.13846417
-935.98560,0.14497618
-938.08002,0.14014658
-940.17444,0.11609223
-942.26886,0.13127413
-944.36328,0.14619140
-946.45770,0.13697129
-949.02332,0.15663275
-951.11774,0.12554674
-953.21216,0.13858618
-955.35889,0.14117786
-957.50562,0.13863266
-959.70471,0.13536885
-961.85144,0.14329776
-963.94586,0.12961319
-966.14496,0.12125801
-968.29169,0.14437343
-970.38611,0.14811726
-972.53284,0.12443664
-976.77399,0.24519454
-979.28723,0.16229159
-981.43396,0.11678923
-983.58069,0.11209076
-985.72742,0.12516619
-987.87415,0.13406590
-990.07324,0.12106336
-992.21997,0.12418889
-994.47144,0.13951065
-996.61816,0.13441680
-998.81726,0.11800797
-1001.27820,0.12555641
-1003.47729,0.12110326
-1005.67639,0.13604014
-1007.87549,0.14039642
-1010.07458,0.11887874
-1012.32605,0.12471829
-1014.52515,0.14434406
-1016.67188,0.13616656
-1018.87097,0.12769186
-1021.12244,0.12870871
-1023.32153,0.13425349
-1027.61499,0.28019801
-1030.18066,0.16939734
-1032.43213,0.14085343
-1034.63123,0.15384705
-1036.83032,0.14769758
-1039.18652,0.15306458
-1041.38562,0.15314670
-1043.63708,0.14861217
-1045.83618,0.14456913
-1048.08765,0.15481794
-1050.23438,0.14876316
-1052.43347,0.15270267
-1054.63257,0.14394031
-1057.25061,0.16870090
-1059.44971,0.14701241
-1061.64880,0.14453162
-1063.84790,0.13701971
-1066.09937,0.14183435
-1068.29846,0.14155328
-1070.49756,0.15353326
-1072.64429,0.15203391
-1076.99011,0.25464576
-1079.55579,0.14893056
-1081.65015,0.14006776
-1083.79688,0.13346803
-1086.04834,0.13613629
-1088.19507,0.13852727
-1090.28943,0.14603208
-1092.38379,0.11744834
-1094.42578,0.12402511
-1096.46777,0.13344501
-1098.50977,0.12738252
-1100.60413,0.11506878
-1102.64612,0.12189720
-1104.79285,0.13246314
-1106.78247,0.11289375
-1108.77209,0.10582785
-1110.65710,0.11696070
-1112.59436,0.12282270
-1114.53162,0.09250354
-1116.46887,0.10006658
-1118.35388,0.12130992
-1120.55298,0.12917423
-1124.11340,0.20039381
-1126.05066,0.11569185
-1127.88330,0.10987062
-1129.61121,0.09229675
-1131.33911,0.08310477
-1133.06702,0.09913644
-1134.79492,0.10235205
-1136.47046,0.09622167
-1138.19836,0.08392681
-1139.97864,0.08300713
-1141.70654,0.09436589
-1143.64380,0.12680703
-1145.42407,0.10490830
-1147.15198,0.09902894
-1148.82751,0.09711715
-1150.55542,0.10308589
-1152.28333,0.10141408
-1154.06360,0.09577099
-1155.84387,0.10105649
-1157.57178,0.11502368
-1159.35205,0.11838613
-1162.75549,0.20832092
-1164.74512,0.13260408
-1166.47302,0.11773489
-1168.14856,0.10769538
-1169.82410,0.09681893
-1171.49963,0.10294870
-1173.17517,0.11412212
-1174.85071,0.11463319
-1176.47388,0.10585237
-1178.20178,0.11246757
-1179.82495,0.11156771
-1181.76221,0.11711621
-1183.38538,0.10805497
-1185.00854,0.12003664
-1186.63171,0.11803503
-1188.30725,0.10450551
-1189.93042,0.10086829
-1191.55359,0.10859565
-1193.22913,0.11092911
-1194.90466,0.11320652
-1196.63257,0.11121944
-1199.82654,0.22003257
-1201.76379,0.12788039
-1203.38696,0.10681282
-1205.01013,0.10944168
-1206.63330,0.10050321
-1208.20410,0.11174683
-1209.87964,0.10481722
-1211.50281,0.11725240
-1213.12598,0.11101802
-1214.74915,0.09623808
-1216.37231,0.10032495
-1218.04785,0.11566685
-1220.03748,0.12920290
-1221.81775,0.10642198
-1223.54565,0.09568518
-1225.27356,0.11006414
-1226.94910,0.11253434
-1228.67700,0.10747652
-1230.40491,0.09252142
-1232.28992,0.10766009
-1234.01782,0.11242107
-1235.79810,0.09454994
-1239.30615,0.19299684
-1241.19116,0.11917633
-1242.97144,0.09939031
-1244.85645,0.08908989
-1246.68909,0.10544415
-1248.46936,0.11344595
-1250.30200,0.09834246
-1252.13464,0.08117478
-1253.91492,0.08798225
-1256.06165,0.12612687
-1257.89429,0.09796923
-1259.72693,0.09053213
-1261.50720,0.09860016
-1263.33984,0.10520305
-1265.17249,0.09534199
-1267.00513,0.09067770
-1268.99475,0.10456709
-1270.82739,0.11117707
-1272.71240,0.10797992
-1274.54504,0.09921160
-1276.48230,0.08983301
-1280.14746,0.19920215
-1282.29419,0.11590076
-1284.12683,0.10688794
-1286.01184,0.10940363
-1287.89685,0.09886815
-1289.72949,0.07694542
-1291.56213,0.09319928
-1293.44714,0.11423482
-1295.27979,0.09972616
-1297.42651,0.10235748
-1299.25916,0.08173744
-1301.09180,0.09481177
-1302.87207,0.09969424
-1304.70471,0.08985521
-1306.53735,0.07654234
-1308.37000,0.08265579
-1310.15027,0.07611731
-1311.87817,0.06578434
-1313.65845,0.07237001
-1315.38635,0.08496344
-1317.11426,0.06986053
-1320.46533,0.12110616
-1322.40259,0.08868188
-1324.02576,0.08188749
-1325.70129,0.07371000
-1327.37683,0.05725412
-1329.00000,0.05686454
-1330.62317,0.06983704
-1332.24634,0.07779092
-1333.81714,0.06535188
-1335.70215,0.07843997
-1337.27295,0.08188330
-1338.84375,0.07678262
-1340.41455,0.06030217
-1342.03772,0.04689160
-1343.55615,0.06575921
-1345.07458,0.06390946
-1346.54065,0.03773336
-1348.05908,0.01275002
-1349.52515,0.03376031
-1350.93884,0.03884015
-1352.35254,0.03986695
-1353.76624,0.03998827
-1356.48889,0.07117366
-1358.05969,0.05818541
-1359.42102,0.04461927
-1360.78235,0.03034947
-1362.09131,0.03984527
-1363.34790,0.04602655
-1364.60449,0.03083441
-1365.91345,0.02784482
-1367.17004,0.03828768
-1368.63611,0.04675753
-1369.84033,0.03304229
-1371.09692,0.02302626
-1372.19653,0.02673611
-1373.40076,0.03566844
-1374.55273,0.02223976
-1375.70471,0.02708878
-1376.85669,0.02648308
-1378.00867,0.03233047
-1379.05591,0.02939365
-1380.20789,0.01430059
-1381.30750,0.01601739
-1383.24475,0.05345044
-1384.44897,-0.00043893
-1385.44385,0.01841812
-1386.38635,0.03848675
-1387.32886,0.02521282
-1388.27136,0.00495353
-1389.21387,0.00026589
-1390.15637,0.02633304
-1391.09888,0.02187609
-1392.04138,0.01422934
-1392.93152,0.02590766
-1393.76929,0.03373631
-1394.76416,0.01915072
-1395.54956,0.02021867
-1396.33496,0.04302563
-1397.12036,0.02821901
-1397.95813,0.01721870
-1398.74353,0.01001760
-1399.47656,0.02032707
-1400.20959,0.03331017
-1400.94263,0.02408725
-1402.25159,0.02446655
-1403.08936,0.01619093
-1403.71765,0.02786534
-1404.39832,0.01456037
-1405.07898,-0.00148498
-1405.81201,0.01621814
-1406.54504,0.02599544
-1407.22571,0.02238867
-1407.90637,-0.00318064
-1408.58704,0.00413118
-1409.16296,0.01924337
-1409.79126,0.00536414
-1410.41956,0.00705215
-1411.15259,0.04415093
-1411.72852,0.02413626
-1412.30444,-0.00907962
-1412.88037,-0.00221318
-1413.45630,0.01204118
-1414.03223,0.01284719
-1414.55579,0.00575794
-1415.07935,0.00431382
-1415.60291,0.00056256
-1416.54541,0.02833130
-1417.17371,0.01580153
-1417.64490,-0.00101302
-1418.11609,0.00562557
-1418.63965,0.00108938
-1419.11084,0.00864275
-1419.63440,0.01773826
-1420.10559,0.00243775
-1420.57678,0.00202562
-1420.99561,0.00386368
-1421.36218,-0.00270192
-1421.10034,0.00344550
-1420.99561,-0.00901008
-1420.94324,0.01788660
-1420.99561,0.06935867
-1421.04797,-0.02544311
-1421.20508,-0.05014912
-1421.25745,-0.01286643
-1421.20508,0.01106813
-1421.20508,0.00048765
-1421.15271,-0.00775697
-1421.20508,0.04134775
-1421.25745,-0.01065305
-1421.25745,0.00326350
-1421.25745,0.00067562
-1421.25745,0.01082195
-1421.20508,-0.00807973
-1421.25745,-0.01928088
-1421.25745,0.00341354
-1421.20508,-0.00022489
-1421.20508,-0.00910718
-1421.25745,0.01072391
-1421.25745,0.01264136
-1421.25745,-0.00490577
-1421.25745,0.00011242
-1421.25745,0.01108896
-1421.25745,-0.00727574
-1421.25745,-0.00640663
-1421.25745,0.00097411
-1421.25745,-0.00910786
-1421.25745,-0.00176340
-1421.25745,0.00007493
-1421.25745,0.00657244
-1421.25745,0.00140385
-1421.25745,0.00589176
-1421.25745,-0.00120330
-1421.25745,-0.00187290
-1421.25745,-0.00161332
-1421.25745,-0.00840733
-1421.25745,-0.00158617
-1421.25745,-0.00530418
-1421.25745,0.00139988
-1421.25745,-0.00056748
-1421.25745,0.00307469
-1421.25745,0.00292708
-1421.25745,0.00224794
-1421.25745,0.00194861
-1421.25745,-0.00044959
-1421.25745,-0.00153672
-1421.25745,-0.00195060
-1421.25745,-0.00438015
-1421.25745,-0.00097411
-1421.25745,0.00014718
-1421.25745,0.00220179
-1421.25745,0.00179176
-1421.25745,0.00233234
-1421.25745,0.00033719
-1421.25745,0.00022484
-1421.25745,-0.00131958
-1421.25745,-0.00109890
-1421.25745,-0.00258724
-1421.25745,-0.00142369
-1421.25745,-0.00017527
-1421.25745,0.00015005
-1421.25745,0.00292173
-1421.25745,0.00243527
-1421.25745,0.00262313
-1421.25745,0.00168630
-1421.25745,0.00071286
-1421.25745,-0.00086171
-1421.25745,-0.00048745
-1421.25745,-0.00052562
-1421.25745,-0.00026231
-1421.25745,0.00059744
-1421.25745,0.00106392
-1421.25745,0.00146622
-1421.25745,0.00093702
-1421.25745,0.00128136
-1421.25745,0.00072055
-1421.25745,-0.00048725
-1421.25745,-0.00044959
-1421.25745,-0.00119914
-1421.25745,-0.00142573
-1421.25745,-0.00183966
