0.00000,-0.00004393
0.00000,-0.00061525
0.00000,0.00014986
0.00000,-0.00011208
0.00000,-0.00018676
0.00000,-0.00026162
0.00000,0.00038183
0.00000,0.00026199
0.00000,-0.00041095
0.00000,0.00000010
0.00000,-0.00003734
0.00000,0.00061867
0.00000,0.00003769
0.00000,0.00000010
0.00000,0.00059725
0.00000,-0.00018687
0.00000,0.00011221
0.00000,0.00022420
0.00000,0.00014940
0.00000,0.00029887
0.00000,-0.00030592
0.00000,-0.00018702
0.00000,-0.00007472
0.00000,-0.00067246
0.00000,-0.00029887
0.00000,0.00023377
0.00000,0.00030107
0.00000,-0.00026162
0.00000,-0.00014944
0.00000,0.00007473
0.00000,0.00026584
0.00000,-0.00041414
0.00000,-0.00070095
0.00000,-0.00033623
0.00000,-0.00041103
0.00000,0.00022443
0.00000,0.00022415
0.00000,0.00018679
0.00000,0.00026151
0.00000,0.00059798
0.00000,0.00008748
0.00000,0.00022411
0.00000,-0.00044831
0.00000,0.00011219
0.00000,-0.00022420
0.00000,0.00029924
0.00000,0.00029893
0.00000,-0.00022571
0.00000,-0.00004371
0.00000,0.00037366
0.00000,0.00022511
0.00000,0.00042329
0.00000,0.00067837
0.00000,0.00029991
0.00000,0.00018706
0.00000,0.00003735
0.00000,0.00022420
0.00000,-0.00059774
0.00000,-0.00004370
0.00000,0.00022443
0.00000,-0.00033623
0.00000,-0.00029887
0.00000,0.00018679
0.00000,-0.00003737
0.00000,-0.00007481
0.00000,0.00052302
0.00000,0.00017597
0.00000,0.00041111
0.00000,0.00029893
0.00000,-0.00011290
0.00000,-0.00041624
0.00000,-0.00015050
0.00000,0.00022484
0.00000,0.00018687
0.00000,0.00086048
0.00000,0.00093378
0.00000,0.00030232
0.00000,0.00056813
0.00000,-0.00071069
0.00000,-0.00056038
0.00000,-0.00011208
0.00000,-0.00003736
0.00000,-0.00018683
0.00000,0.00037405
0.00000,0.00043687
0.00000,0.00093435
0.00000,0.00056599
0.00000,-0.00033650
0.00000,-0.00067809
0.00000,-0.00048626
0.00000,-0.00045389
0.00000,0.00048934
0.00000,0.00044986
0.00000,0.00067342
0.00000,-0.00030581
0.00000,-0.00033623
-0.05236,-0.00026151
-0.05236,-0.00033692
-0.05236,-0.00011226
-0.05236,0.00003737
-0.05236,-0.00049251
-0.05236,-0.00007478
-0.05236,-0.00030624
-0.05236,-0.00037374
-0.05236,0.00000010
-0.05236,-0.00003736
-0.05236,-0.00037725
-0.05236,-0.00048795
-0.05236,0.00003739
-0.10472,-0.00049221
-0.10472,-0.00124443
-0.10472,-0.00127539
-0.10472,-0.00113765
-0.10472,-0.00029905
-0.10472,-0.00071011
-0.10472,-0.00089698
-0.10472,-0.00142050
-0.10472,-0.00116025
-0.10472,-0.00074748
-0.10472,-0.00048586
-0.10472,0.00004371
-0.15708,-0.00026167
-0.15708,0.00063692
-0.15708,0.00052324
-0.15708,0.00015307
-0.15708,-0.00003776
-0.15708,0.00000010
-0.15708,-0.00003734
-0.15708,-0.00018691
-0.15708,-0.00041657
-0.15708,-0.00067878
-0.20944,-0.00065805
-0.20944,-0.00093550
-0.20944,-0.00127098
-0.20944,-0.00052623
-0.26180,0.00033644
-0.26180,0.00052463
-0.31416,0.00089679
-0.31416,0.00127253
-0.36652,0.00104647
-0.41888,0.00078774
-0.41888,0.00060018
-0.47124,0.00048715
-0.47124,0.00063614
-0.52360,0.00007475
-0.57596,-0.00037427
-0.57596,0.00037740
-0.62832,0.00097212
-0.73304,0.00122589
-0.73304,0.00049380
-0.78540,-0.00011354
-0.83776,-0.00041288
-0.89012,-0.00074385
-0.94248,0.00033678
-0.99484,-0.00026205
-1.04720,-0.00127435
-1.09956,0.00022470
-1.15192,0.00044904
-1.25664,-0.00018710
-1.30900,-0.00116049
-1.41372,-0.00192727
-1.51844,0.00067369
-1.62316,0.00441644
-1.72788,0.00258250
-1.88496,-0.00059896
-2.04204,-0.00132332
-2.14676,-0.00220912
-2.30383,-0.00572640
-2.51327,-0.00452965
-2.67035,-0.00094790
-2.82743,0.00007569
-3.08923,-0.00135998
-3.45575,0.00470592
-3.66519,-0.00467939
-3.87463,-0.00018740
-4.08407,0.00370456
-4.29351,0.00351747
-4.55531,0.00209594
-4.81711,-0.00059884
-5.02655,-0.00378634
-5.28835,-0.00648024
-5.60251,-0.00021878
-5.86431,0.00957948
-6.12611,0.00127279
-6.44027,-0.01270901
-6.75442,-0.00104840
-7.01622,0.01556983
-7.33038,0.00014974
-7.64454,-0.01728275
-7.95870,0.00083314
-8.27286,0.02068563
-8.63938,-0.00188182
-9.00590,-0.01998628
-9.32006,0.00842290
-9.63422,0.02345828
-10.36726,-0.03325086
-10.73378,0.01325743
-11.04793,0.02076020
-11.41445,-0.01601087
-11.78097,-0.01580406
-12.14749,0.01329760
-12.56637,0.01865295
-12.98525,0.00123637
-13.35177,-0.00835920
-13.71829,-0.00468321
-14.13717,0.01007621
-14.50368,0.00573108
-14.92256,-0.01562318
-15.34144,-0.00639811
-15.81268,0.01275886
-16.28392,0.00255493
-16.75516,-0.00135151
-17.38348,-0.00140140
-17.85472,0.00060006
-18.37832,0.00842634
-18.90192,0.00037450
-19.42552,-0.00606572
-19.94912,-0.00393389
-21.10103,0.02029785
-21.62463,-0.00116120
-22.20059,-0.00587971
-22.77655,0.00243527
-23.35251,0.00142544
-24.03319,0.00304706
-24.60914,-0.00779286
-25.23746,-0.00498192
-25.86578,0.00686320
-26.49410,0.01148983
-27.12242,0.00022644
-27.75074,-0.00045087
-28.43142,0.00919592
-29.11210,0.00614437
-29.74042,-0.00589889
-30.47345,-0.00164815
-31.25885,0.01212879
-31.99189,0.00434424
-32.67257,0.00112603
-33.40561,0.00153766
-34.13865,0.00026221
-34.81933,0.00690211
-35.55237,0.00524412
-37.01844,-0.00199585
-37.75148,0.00816348
-38.53688,0.00251071
-39.26992,-0.00198487
-40.16004,0.00262947
-40.94543,0.00650665
-41.67847,0.00789130
-42.46387,-0.00875579
-43.24927,-0.01025938
-44.03466,0.00723234
-44.82006,0.01248877
-45.65782,-0.00041254
-46.44321,-0.00374504
-47.22861,0.00606820
-48.17109,0.01094847
-48.95649,-0.00176268
-49.74188,-0.00337122
-50.52728,0.01161198
-51.26032,0.01359726
-52.04572,-0.00269753
-52.88347,-0.01098638
-53.66887,0.00420128
-54.50663,0.01387725
-56.12978,-0.00083390
-57.07226,0.00171243
-57.91002,-0.00246851
-58.80014,0.00018901
-59.63789,0.00138990
-60.47565,-0.00089918
-61.31341,-0.00052644
-62.20353,0.00367014
-63.09364,0.00480440
-63.93140,0.00311408
-64.82152,-0.00430855
-65.71164,-0.00588810
-66.75883,0.00070058
-67.64896,0.00048685
-68.53908,-0.01205902
-69.48155,0.00970360
-70.42403,0.02077289
-71.31415,0.00089881
-72.30898,-0.01198066
-73.25146,-0.00101157
-74.24629,0.00408376
-75.39821,-0.00259105
-76.39304,-0.00280748
-78.48744,0.01139167
-79.53464,-0.00067644
-80.58183,-0.00312105
-81.62903,-0.00885450
-82.72858,-0.00896341
-83.77578,0.00119866
-84.82298,0.00629295
-85.92253,-0.01061358
-86.96973,-0.00816585
-88.22636,0.00144495
-89.32592,-0.00311472
-90.37312,-0.00697003
-91.47267,-0.00104968
-92.57223,0.00531795
-93.61942,-0.00166125
-94.71898,-0.01094220
-95.81853,-0.01009674
-96.91809,0.00179982
-98.01765,0.00123637
-99.32664,-0.00783799
-100.47856,-0.01309594
-101.57812,-0.00007522
-103.88195,-0.01157242
-104.98151,0.00247424
-106.08106,-0.00232476
-107.18062,-0.01484547
-108.33253,-0.01463542
-109.43209,0.00108717
-110.53165,0.00505889
-111.63120,-0.01162145
-112.78312,-0.00877589
-114.03976,0.01232539
-115.13931,0.00157484
-116.29123,-0.01271927
-117.39079,-0.01005102
-118.49034,0.00641054
-119.58990,0.00176878
-120.68945,-0.00704641
-121.78901,-0.00356214
-122.88857,-0.00193917
-123.98812,0.00086996
-125.03532,0.00082827
-126.13487,-0.00520879
-127.39151,-0.00903569
-129.59062,0.01140389
-130.63782,-0.00218275
-131.73738,-0.00970756
-132.78458,-0.00299908
-133.83177,0.00333580
-134.87897,0.00592319
-135.92616,0.00011256
-136.92101,0.00108695
-137.96820,-0.00206187
-139.06776,-0.00608850
-140.27205,0.01521237
-141.31924,0.01489811
-142.36644,-0.00652168
-143.41364,-0.01042394
-144.51320,0.00467118
-145.56039,0.00994983
-146.55524,-0.00075313
-147.60243,-0.00645460
-148.64963,-0.00187519
-149.64447,0.00697145
-150.69167,0.00795081
-151.89595,-0.00991122
-153.99034,0.01280928
-154.98518,0.00565847
-156.03238,-0.00093836
-157.02722,0.00414221
-158.02206,0.00318588
-159.06926,-0.00704928
-160.06410,0.00052986
-161.11130,0.00840085
-162.10614,0.00746630
-163.10098,0.00341076
-164.09583,-0.00142427
-165.24774,0.00230308
-166.24258,0.00385342
-167.23743,0.00022631
-168.17990,-0.00277359
-169.17474,-0.00314904
-170.11722,0.00014992
-171.11206,0.00802418
-172.05453,0.00547890
-172.99701,-0.00322861
-173.93948,-0.00318653
-174.88196,0.00738374
-176.76691,0.01105063
-177.81410,-0.00543328
-178.70422,0.00284913
-179.59435,0.00162612
-180.48447,-0.00468893
-181.42694,-0.00364972
-182.26469,0.00663547
-183.15482,0.00431118
-184.04494,-0.01391108
-184.93506,-0.00452018
-185.82518,0.00642886
-186.66293,-0.00394832
-187.55305,-0.00228680
-188.54790,0.00788702
-189.43802,0.00239927
-190.27577,-0.00679372
-191.16589,-0.00798669
-192.05602,0.00338084
-192.89377,0.00217876
-193.73152,-0.01687328
-194.62164,-0.00728166
-196.29716,0.03836236
-197.13492,-0.01102388
-197.97267,-0.00496100
-198.75807,0.00825924
-199.64819,-0.00705450
-200.43359,-0.01195885
-201.16663,0.00217478
-201.95203,0.00261884
-202.73743,-0.00637887
-203.41811,-0.00443626
-204.15114,0.00018740
-204.88417,-0.00048805
-205.56485,-0.01068424
-206.29788,-0.00968583
-207.08328,-0.00140214
-207.76396,-0.00003747
-208.44464,-0.00595947
-209.12532,-0.00768672
-209.80600,0.00105182
-210.43431,-0.00269808
-211.11499,-0.01086946
-211.74330,-0.00273611
-212.99994,-0.01115739
-213.62825,-0.00138962
-214.20421,0.00622183
-214.78017,-0.01458602
-215.46085,-0.01056169
-216.08916,0.00414949
-216.66512,0.00253066
-217.29343,-0.00654293
-217.86938,-0.00652301
-218.44534,-0.00417140
-219.02130,-0.00743180
-219.64961,-0.01271638
-220.22557,-0.00108717
-220.80153,0.00809588
-221.37749,-0.00813502
-222.05817,-0.01820614
-222.63412,-0.00367313
-223.21008,0.00296099
-223.78604,-0.01188145
-224.41435,-0.01349863
-224.99031,0.00007560
-225.61862,0.00247475
-226.82291,-0.02676602
-227.39886,-0.00888660
-227.97482,-0.00098800
-228.60313,-0.00521661
-229.33617,-0.01076504
-229.91212,-0.00805840
-230.54044,0.00029997
-231.16875,-0.01084946
-231.74471,-0.00982600
-232.37302,-0.01090695
-233.00133,-0.00704641
-233.57729,-0.00738675
-234.20560,-0.00799807
-234.78156,-0.00304461
-235.46223,-0.00906850
-236.03819,-0.01473000
-236.66650,-0.01023646
-237.24246,0.00680427
-237.81842,-0.00694668
-238.39438,-0.01327095
-239.02269,-0.00817250
-240.17461,-0.01492800
-240.75056,-0.00250447
-241.37888,-0.01345734
-241.95483,-0.00651986
-242.53079,0.00041254
-243.21147,-0.00552669
-243.78743,-0.02387534
-244.36339,-0.00884730
-244.93935,0.00431118
-245.51530,-0.00521091
-246.09126,-0.01618244
-246.61487,-0.00449863
-247.19083,-0.00963260
-247.76678,-0.01120679
-248.44746,-0.01025670
-249.02342,-0.00360057
-249.54703,-0.00911157
-250.07063,-0.00476008
-250.64659,-0.01341543
-251.22255,-0.01064892
-251.79851,-0.00874373
-252.95042,-0.02285726
-253.52638,-0.01463510
-254.15469,-0.01440782
-254.73065,-0.01028441
-255.30661,-0.00517447
-255.93492,-0.00090046
-256.61560,-0.01379989
-257.19156,-0.01229875
-257.76752,-0.01754081
-258.34348,-0.01311832
-258.91943,-0.00089991
-259.49539,0.00520985
-260.07135,-0.01301118
-260.69968,-0.02220665
-261.27563,-0.00638975
-261.85159,0.00416292
-262.47992,-0.02627948
-263.16058,-0.03520940
-263.73654,-0.00282137
-264.31250,0.00971151
-264.94083,-0.00808587
-265.51678,-0.02767495
-266.77341,-0.01682950
-267.29700,-0.00059969
-267.87296,-0.02282588
-268.50128,-0.02726527
-269.07724,-0.00630064
-269.65320,0.01241908
-270.22916,-0.01319328
-270.90982,-0.02769222
-271.48578,-0.01529533
-272.00937,0.00014998
-272.58533,-0.01625237
-273.21365,-0.02710962
-273.78961,-0.00934225
-274.36557,0.00617066
-274.88916,-0.01518595
-275.46512,-0.02296635
-276.04108,-0.02006454
-276.66940,-0.01147139
-277.35007,-0.00869206
-277.92603,-0.00369408
-279.02557,-0.03506942
-280.38693,-0.01930736
-281.06760,-0.02234137
-281.74826,-0.02396092
-282.79547,-0.02589256
-283.58087,-0.02973023
-284.31390,-0.02355101
-285.04694,-0.01413370
-286.14648,-0.02929392
-286.98425,-0.04455313
-287.71729,-0.03190330
-288.45032,-0.01652672
-289.18335,-0.01170879
-289.86401,-0.02369759
-290.59705,-0.03879699
-291.38245,-0.02939427
-292.11548,-0.01717136
-292.90088,-0.01930660
-293.63391,-0.03369534
-294.41931,-0.04536115
-295.20471,-0.03339199
-295.99011,-0.01955540
-296.77551,-0.02136412
-298.45102,-0.06981896
-299.28879,-0.02865875
-300.17889,-0.02025939
-301.06900,-0.02048125
-301.95911,-0.02676174
-303.00632,-0.03582950
-303.94879,-0.03775956
-304.89127,-0.04287222
-305.83374,-0.02670359
-306.77621,-0.01128635
-307.71869,-0.02574667
-308.71353,-0.05246954
-309.70837,-0.05979443
-310.70322,-0.04092916
-311.69806,-0.02597428
-312.69290,-0.04472384
-313.68774,-0.07707034
-314.89203,-0.08061945
-315.93924,-0.04396512
-316.93408,-0.05367267
-317.98129,-0.07347755
-320.12805,-0.17427222
-321.17526,-0.08417894
-322.22247,-0.08034447
-323.26968,-0.09653483
-324.31689,-0.11151365
-325.46881,-0.11642759
-326.56836,-0.11315491
-327.61557,-0.11646314
-328.66278,-0.12343743
-329.76233,-0.12965339
-330.86188,-0.12897527
-331.96143,-0.13196073
-333.16571,-0.17248000
-334.26526,-0.15891699
-335.36481,-0.15035994
-336.41202,-0.13992006
-337.51157,-0.13702065
-338.55878,-0.15322198
-339.71069,-0.17784569
-340.81024,-0.18215646
-341.90979,-0.16864294
-344.16125,-0.38645902
-345.31317,-0.21845105
-346.41272,-0.20366913
-347.56464,-0.19272539
-348.66418,-0.20787400
-349.76373,-0.22657214
-350.86328,-0.23042345
-352.01520,-0.23931392
-353.11475,-0.24616767
-354.21429,-0.24946007
-355.31384,-0.24993618
-356.57047,-0.30184340
-357.67001,-0.26650774
-358.71722,-0.25979856
-359.76443,-0.26045489
-360.81165,-0.27602819
-361.85886,-0.27619687
-362.85370,-0.26842520
-363.90091,-0.26293632
-364.89575,-0.26517746
-365.89059,-0.26818293
-366.88544,-0.26944757
-368.92746,-0.55861896
-370.07938,-0.30228347
-371.02185,-0.25454724
-371.96432,-0.26300359
-372.95917,-0.27627188
-373.90164,-0.28013769
-374.89648,-0.26350129
-375.78659,-0.24909557
-376.72906,-0.25243396
-377.67154,-0.27000740
-378.61401,-0.26841140
-379.50412,-0.25206038
-380.44659,-0.25522205
-381.33670,-0.26214153
-382.38391,-0.29391593
-383.27402,-0.24775426
-384.16412,-0.24734946
-385.00189,-0.24443762
-385.89200,-0.24248783
-386.72977,-0.23567398
-387.56754,-0.24787273
-389.24304,-0.50051248
-390.08081,-0.23106985
-390.86621,-0.23093899
-391.65161,-0.23255174
-392.48938,-0.23389480
-393.37949,-0.26420480
-394.16489,-0.21383469
-394.89792,-0.21857223
-395.68332,-0.22840543
-396.46872,-0.21983285
-397.20175,-0.21141453
-397.98715,-0.21507180
-398.77255,-0.21207841
-399.55795,-0.20813276
-400.34335,-0.21619645
-401.23346,-0.26764411
-402.07123,-0.22531042
-402.85663,-0.22028272
-403.64203,-0.22513101
-404.47980,-0.22987017
-405.26520,-0.23478048
-406.94070,-0.46016139
-407.72610,-0.22795178
-408.56387,-0.22788489
-409.40164,-0.23046425
-410.18704,-0.23148441
-410.97244,-0.22771433
-411.81021,-0.22763450
-412.75269,-0.26294458
-413.53809,-0.22309436
-414.37585,-0.22398087
-415.16125,-0.23061097
-415.99902,-0.22415516
-416.78442,-0.21600904
-417.62219,-0.21915090
-418.40759,-0.23614037
-419.24536,-0.22895171
-420.03076,-0.22110112
-421.02560,-0.27014655
-421.86337,-0.22341821
-422.70114,-0.21759036
-423.53891,-0.22824425
-424.37668,-0.23711640
-426.10455,-0.46525538
-426.94232,-0.22103062
-427.83243,-0.23184171
-428.67020,-0.23064859
-429.50797,-0.22410655
-430.34573,-0.22771212
-431.23584,-0.23445340
-432.02124,-0.22742316
-433.01608,-0.26348460
-433.85385,-0.23579077
-434.74396,-0.22515623
-435.52936,-0.21713369
-436.36713,-0.22723563
-437.20490,-0.22242044
-437.99030,-0.22383113
-438.82806,-0.23076069
-439.61346,-0.21342231
-440.39886,-0.21076605
-441.34134,-0.26254645
-442.12674,-0.21864727
-442.85977,-0.21773738
-444.43057,-0.44185916
-445.16360,-0.18523093
-445.89664,-0.20380761
-446.62967,-0.22244923
-447.36270,-0.20656648
-448.09573,-0.19955468
-448.82877,-0.20536307
-449.56180,-0.20783651
-450.29483,-0.19362642
-451.02786,-0.19985145
-451.91797,-0.25172752
-452.65100,-0.20637269
-453.43640,-0.20355791
-454.16943,-0.20518763
-454.90247,-0.21357226
-455.63550,-0.21151701
-456.42090,-0.20990215
-457.15393,-0.20929858
-457.88696,-0.20475316
-458.67236,-0.21212932
-459.40540,-0.22071384
-460.97620,-0.42606190
-461.70923,-0.20970440
-462.49463,-0.21285413
-463.38474,-0.24628945
-464.11777,-0.20579313
-464.85080,-0.21248509
-465.58383,-0.20678221
-466.36923,-0.19914223
-467.10226,-0.21062142
-467.88766,-0.22272953
-468.67307,-0.21669886
-469.45847,-0.22070552
-470.24387,-0.22282583
-471.18634,-0.26649892
-471.97174,-0.22587174
-472.75714,-0.23161392
-473.59491,-0.23727584
-474.43268,-0.23309582
-475.27045,-0.23139286
-476.05585,-0.23259462
-476.89362,-0.24547502
-477.67902,-0.24003917
-479.40689,-0.47897422
-480.19229,-0.24613757
-481.03006,-0.23722780
-481.81546,-0.24167696
-482.81030,-0.29826903
-483.64807,-0.24515004
-484.43347,-0.22850017
-485.21887,-0.23667590
-486.05664,-0.25490946
-486.84204,-0.24094754
-487.62744,-0.23379880
-488.46521,-0.24277648
-489.25061,-0.24035510
-490.08838,-0.23078902
-490.87378,-0.23224454
-491.65918,-0.23631999
-492.54929,-0.27789554
-493.33469,-0.23224156
-494.12009,-0.23453863
-494.95786,-0.22930823
-495.74326,-0.21688458
-497.36642,-0.47945464
-498.15182,-0.22721557
-498.93723,-0.21863760
-499.67026,-0.23394881
-500.45566,-0.24132501
-501.24106,-0.21810144
-502.13116,-0.25458488
-502.91656,-0.22432660
-503.64960,-0.22085997
-504.43500,-0.21094683
-505.16803,-0.21462141
-505.90106,-0.21906447
-506.63409,-0.20783651
-507.36713,-0.20967156
-508.04779,-0.21547672
-508.78082,-0.20956181
-509.46149,-0.19996393
-510.19452,-0.19857685
-510.97992,-0.23395677
-511.66058,-0.19868931
-512.39362,-0.19546530
-513.75494,-0.39408496
-514.43561,-0.19805765
-515.11627,-0.19803125
-515.79694,-0.19160397
-516.47760,-0.19573008
-517.15826,-0.20076115
-517.83893,-0.19375232
-518.67670,-0.22915199
-519.35736,-0.20067620
-520.03802,-0.19546299
-520.71869,-0.19048060
-521.45172,-0.20544608
-522.18475,-0.20959407
-522.86542,-0.19629017
-523.59845,-0.19669984
-524.33148,-0.20109203
-525.01215,-0.20262937
-525.74518,-0.20662659
-526.58295,-0.22885115
-527.31598,-0.19197886
-528.04901,-0.21272166
-528.78204,-0.20495413
-530.24811,-0.40597522
-530.98114,-0.20432080
-531.71417,-0.20901117
-532.49957,-0.20379718
-533.23260,-0.20560618
-534.01801,-0.20468327
-534.75104,-0.20749435
-535.64117,-0.24940443
-536.42657,-0.20697519
-537.21198,-0.20475060
-537.94501,-0.20862176
-538.73041,-0.20955937
-539.46344,-0.21121049
-540.19647,-0.20892873
-540.98187,-0.21337979
-541.76727,-0.20816550
-542.50031,-0.20225072
-543.28571,-0.20786916
-544.22821,-0.26037815
-545.01361,-0.21079811
-545.79901,-0.21199775
-547.36981,-0.43849310
-548.20758,-0.21628831
-548.99298,-0.22467571
-549.77838,-0.22574756
-550.61615,-0.21699041
-551.40155,-0.22530617
-552.23932,-0.22535205
-553.07709,-0.22781789
-553.91486,-0.23734269
-554.80499,-0.23089200
-555.64276,-0.22417338
-556.58527,-0.27998462
-557.47540,-0.25358668
-558.36554,-0.23834114
-559.20331,-0.23351617
-560.09344,-0.25411698
-560.98358,-0.25707382
-561.87372,-0.24482429
-562.76385,-0.23670271
-563.65399,-0.25334764
-564.75354,-0.30859300
-566.63849,-0.52373224
-567.52863,-0.26507232
-568.47113,-0.27291062
-569.36127,-0.27092975
-570.25140,-0.26902902
-571.19391,-0.27530900
-572.13641,-0.27121803
-573.07892,-0.25325656
-574.02142,-0.26959479
-574.96393,-0.28437105
-575.95874,-0.27131590
-576.84888,-0.26245734
-577.84369,-0.27396631
-578.94324,-0.33081678
-579.93805,-0.28285888
-580.88055,-0.27520344
-581.87537,-0.28478000
-582.87018,-0.29387274
-583.86499,-0.28074047
-584.80750,-0.27837166
-585.80231,-0.30630353
-586.84949,-0.30369866
-588.89154,-0.58929437
-589.88635,-0.29905543
-590.88116,-0.30193913
-592.08545,-0.35548913
-593.13263,-0.30565542
-594.17981,-0.29863071
-595.22699,-0.30506894
-596.22180,-0.30661812
-597.21661,-0.31540191
-598.26379,-0.31726560
-599.25861,-0.32623389
-600.25342,-0.33572075
-601.30060,-0.32535166
-602.29541,-0.31096995
-603.55206,-0.36372322
-604.54688,-0.28369308
-605.54169,-0.29226726
-606.58887,-0.33604854
-607.58368,-0.30578053
-608.57849,-0.27529734
-609.57330,-0.30292076
-611.61536,-0.63476545
-612.61017,-0.28653303
-613.60498,-0.29118419
-614.54749,-0.30496079
-615.54230,-0.28776678
-616.69421,-0.33236235
-617.63672,-0.26595619
-618.57922,-0.26020148
-619.46936,-0.26594639
-620.41187,-0.27319589
-621.30200,-0.26975939
-622.19214,-0.25719333
-623.08228,-0.25713396
-623.97241,-0.23682588
-624.75781,-0.22820669
-625.75262,-0.27942967
-626.53802,-0.24377356
-627.32343,-0.24180114
-628.16119,-0.23104194
-628.94659,-0.20960703
-629.67963,-0.19717810
-631.25043,-0.42782834
-631.98346,-0.21268675
-632.71649,-0.20099469
-633.44952,-0.19461229
-634.18256,-0.19992644
-634.91559,-0.18189444
-635.59625,-0.16363752
-636.32928,-0.16940473
-637.16705,-0.19584838
-637.90009,-0.15565698
-638.68549,-0.17152666
-639.41852,-0.17375942
-640.15155,-0.15774104
-640.93695,-0.15911931
-641.72235,-0.15864427
-642.45538,-0.14083076
-643.24078,-0.13226537
-644.02618,-0.13730149
-644.96869,-0.17537600
-645.80646,-0.14071433
-646.64423,-0.12687035
-647.48199,-0.11642213
-649.15753,-0.21913508
-650.04767,-0.10463054
-650.88544,-0.10966916
-651.77557,-0.09677572
-652.66571,-0.08444141
-653.50348,-0.07741546
-654.39362,-0.07580185
-655.23138,-0.06852907
-656.12152,-0.06342241
-657.01166,-0.06396849
-658.00647,-0.07193466
-658.89661,-0.05851676
-659.78674,-0.05407600
-660.62451,-0.04242839
-661.46228,-0.04109582
-662.35242,-0.04295140
-663.29492,-0.04266197
-664.13269,-0.01691078
-665.07520,-0.02034754
-665.96533,-0.04090125
-666.85547,-0.02962965
-668.68805,-0.02053601
-669.73523,-0.02423491
-670.67773,-0.03089705
-671.62024,-0.00839743
-672.56274,0.01525473
-673.50525,0.01173392
-674.44775,0.01094666
-675.39026,0.00933655
-676.38507,0.01133690
-677.32758,0.04597032
-678.27008,0.04182938
-679.47437,0.04272217
-680.41687,0.06683508
-681.35937,0.06903984
-682.30188,0.03921302
-683.29669,0.03659627
-684.23920,0.06955200
-685.18170,0.08596067
-686.12421,0.05747230
-687.06671,0.02800062
-688.06152,0.04381519
-689.00403,0.06892256
-690.94135,0.08749923
-692.04089,0.03999573
-693.03571,0.03758070
-694.03052,0.04469545
-694.97302,0.03512677
-695.96783,0.01160055
-696.96265,0.00836165
-697.95746,0.04440073
-698.95227,0.04440169
-699.99945,0.01230125
-701.04663,0.00041271
-702.30328,0.02474711
-703.35046,0.02811641
-704.39764,0.01038433
-705.49719,-0.00493802
-706.64911,0.00522925
-707.69629,0.01533893
-708.79584,0.00655916
-709.94775,-0.00952209
-711.04730,-0.01151133
-712.19922,0.00405371
-713.50824,0.02331053
-715.86444,-0.02518089
-717.06873,-0.01327118
-718.22064,0.02035214
-719.32019,0.02242272
-720.52448,-0.01597067
-721.67639,-0.02397469
-722.82831,-0.00300031
-724.03259,0.01536385
-725.18451,0.00929527
-726.33643,-0.01387076
-727.54071,-0.01807684
-728.74500,-0.00223795
-730.10632,0.00296027
-731.31061,-0.00820579
-732.46252,-0.01754107
-733.66681,-0.01879324
-734.87109,-0.00048795
-736.07538,0.01026977
-737.27966,-0.00086206
-738.48395,-0.01892786
-739.68823,-0.01417067
-740.94489,0.00832415
-743.51050,0.00379918
-744.76715,-0.01350224
-746.02380,-0.01851108
-747.48987,0.00333704
-748.79889,0.00722272
-750.05554,-0.00352321
-751.31219,-0.00974504
-752.62122,-0.01252117
-753.87787,0.00434956
-755.23920,0.01327606
-756.49585,0.00219692
-757.80487,-0.00631731
-759.11389,-0.00659664
-760.42291,-0.00566308
-761.73193,0.00052537
-763.25037,0.00214702
-764.50702,-0.00153672
-765.81604,0.00326615
-767.12506,-0.00454258
-768.43408,-0.00549339
-769.69073,0.01023229
-770.99976,0.00772579
-773.61774,-0.01229489
-774.92676,0.00063899
-776.18341,0.00783351
-777.49243,0.00850817
-778.74908,0.00356141
-780.26752,-0.00030720
-781.57654,-0.00557366
-782.88556,-0.00212458
-784.14221,0.00391072
-785.45123,0.01191893
-786.70789,0.01375019
-788.01691,-0.00730878
-789.32593,-0.01261667
-790.63495,0.00733111
-791.94397,0.01284458
-793.25299,0.00202686
-794.77142,-0.00039511
-796.08044,0.00469370
-797.38947,-0.00075023
-798.69849,-0.00154173
-800.05981,0.00358824
-805.19110,0.01994995
-806.70953,0.00512746
-808.07086,0.00232808
-809.37988,-0.00417664
-810.74121,-0.01009912
-812.25964,0.00140702
-813.62097,0.00177057
-814.92999,-0.00116191
-816.29132,0.00344824
-817.60034,0.00416038
-818.90936,-0.00292768
-820.27069,-0.00514430
-821.63202,0.00192593
-822.94104,-0.00240220
-824.30237,-0.00011244
-825.87317,0.00667060
-827.23450,0.00335822
-828.54352,-0.00720220
-829.90485,-0.01525473
-831.26617,-0.00322402
-832.57520,0.00638603
-833.93652,-0.00547333
-836.71161,-0.01815939
-838.07294,-0.00337928
-839.43427,0.00102456
-840.74329,-0.00595576
-842.10461,-0.02106770
-843.41364,-0.01474200
-844.77496,-0.00014995
-846.34576,0.01761742
-847.65479,0.00307782
-848.96381,-0.02167053
-850.32513,-0.02394205
-851.63416,0.00251122
-852.94318,0.01056962
-854.25220,-0.01079890
-855.56122,-0.02545250
-856.92255,-0.00799969
-858.17920,0.00907777
-859.69763,-0.00337448
-861.00665,-0.01868831
-862.36798,-0.01537031
-863.67700,-0.00018748
-864.98602,0.00599194
-867.70874,-0.01795397
-869.01776,-0.00982641
-870.32678,0.00037641
-871.63580,0.00108695
-872.94482,-0.01124427
-874.30615,-0.01203873
-875.61517,0.00105075
-876.92419,0.01049466
-878.44263,0.00052580
-879.80396,-0.01957301
-881.11298,-0.00120281
-882.42200,0.01677752
-883.73102,-0.00285145
-885.09235,-0.01439267
-886.40137,-0.00131263
-887.76270,0.01341339
-889.07172,0.00682847
-890.38074,-0.00588690
-891.95154,-0.01049675
-893.31287,-0.00075603
-894.62189,0.01076982
-895.93091,0.00759427
-898.54889,-0.01370422
-899.80554,0.00607191
-901.06219,0.00862049
-902.37122,-0.00506198
-903.62787,0.00037481
-904.88452,0.01030515
-906.14117,0.00505992
-907.39783,0.00078742
-908.86389,0.00061963
-910.12054,-0.00007502
-911.37720,0.00142398
-912.58148,0.00952403
-913.78577,0.00123813
-914.99005,-0.00404794
-916.19434,-0.00569710
-917.39862,-0.00311789
-918.65527,0.00930366
-919.85956,0.01387447
-921.06384,0.00342605
-922.21576,-0.01008237
-923.62946,-0.01055985
-924.78137,0.00086241
-927.13757,0.00234827
-928.28949,-0.00825756
-929.44141,0.00465426
-930.59332,0.00333784
-931.69287,0.00364231
-932.84479,-0.00014998
-933.94434,-0.01009912
-935.04388,0.00514011
-936.14343,0.00850817
-937.45245,-0.00606041
-938.55200,-0.01195641
-939.65155,-0.00176196
-940.75110,0.01244873
-941.85065,0.01084835
-942.95020,-0.00314069
-944.10211,-0.00650533
-945.20166,-0.00266115
-946.30121,0.01180889
-947.45313,0.01113183
-948.55267,-0.00142515
-949.70459,-0.00474664
-952.11316,0.03306733
-953.21271,0.00787099
-954.57404,-0.01715326
-955.77832,-0.01537344
-956.98260,0.00792870
-958.13452,0.02044374
-959.28644,-0.00003749
-960.49072,-0.02288460
-961.64264,-0.02244446
-962.84692,-0.00633556
-964.05121,0.00577676
-965.25549,-0.01166131
-966.45978,-0.04108296
-967.87347,-0.04905843
-969.07776,-0.02561288
-970.28204,-0.01076579
-971.43396,-0.02054791
-972.63824,-0.05491276
-973.84253,-0.06562909
-975.04681,-0.04852204
-976.19873,-0.03433252
-977.35065,-0.04168727
-979.75922,-0.17526184
-980.96350,-0.08112075
-982.11542,-0.05894656
-983.47675,-0.07211011
-984.62866,-0.08970709
-985.78058,-0.10228542
-986.98486,-0.09229681
-988.13678,-0.07527701
-989.28870,-0.08511634
-990.49298,-0.09851095
-991.64490,-0.10104046
-992.84918,-0.09972329
-994.05347,-0.08528645
-995.25775,-0.08170840
-996.61908,-0.11061609
-997.82336,-0.10273518
-999.02765,-0.09724530
-1000.23193,-0.09139708
-1001.43622,-0.10347303
-1002.69287,-0.11355865
-1003.89716,-0.10617901
-1006.35809,-0.19736277
-1007.56238,-0.12130510
-1008.76666,-0.13077435
-1009.97095,-0.11711731
-1011.17523,-0.10848312
-1012.48425,-0.14070608
-1013.68854,-0.14463606
-1014.89282,-0.15190899
-1016.04474,-0.12755604
-1017.19666,-0.11633945
-1018.34857,-0.14113320
-1019.44812,-0.16077772
-1020.60004,-0.15062824
-1021.75195,-0.13219035
-1022.85150,-0.12806410
-1023.95105,-0.14430654
-1025.20764,-0.17880940
-1026.30725,-0.14942521
-1027.35449,-0.14221732
-1028.40173,-0.14550692
-1029.44897,-0.14865062
-1031.49097,-0.30292597
-1032.48584,-0.14075269
-1033.48071,-0.13911155
-1034.42322,-0.13812558
-1035.36572,-0.15059763
-1036.36060,-0.15357730
-1037.30310,-0.13930568
-1038.19324,-0.13898209
-1039.08337,-0.15399665
-1040.02588,-0.15979879
-1040.91602,-0.15374695
-1041.91089,-0.17605534
-1042.80103,-0.15758561
-1043.69116,-0.16569872
-1044.52893,-0.16503853
-1045.41907,-0.16107672
-1046.20447,-0.16756365
-1047.09460,-0.17435119
-1047.93237,-0.17007692
-1048.77014,-0.16500892
-1050.49805,-0.36863503
-1051.33582,-0.18932422
-1052.17358,-0.18181749
-1053.16846,-0.21663736
-1054.00623,-0.19148993
-1054.84399,-0.19132711
-1055.73413,-0.20508404
-1056.62427,-0.20536247
-1057.46204,-0.18651225
-1058.35217,-0.20010816
-1059.24231,-0.22389778
-1060.13245,-0.21693534
-1060.97021,-0.20923887
-1061.86035,-0.22229286
-1062.75049,-0.22429718
-1063.79773,-0.25686258
-1064.63550,-0.21745388
-1065.47327,-0.21228297
-1066.36340,-0.22686926
-1067.25354,-0.22742647
-1069.03381,-0.44893801
-1069.87158,-0.22849832
-1070.70935,-0.22157924
-1071.54712,-0.22129475
-1072.33252,-0.21776755
-1073.17029,-0.20406595
-1073.95569,-0.21511385
-1074.68872,-0.21981780
-1075.47412,-0.20864855
-1076.36426,-0.23066725
-1077.04492,-0.19891736
-1077.77795,-0.20008606
-1078.51099,-0.19254793
-1079.19165,-0.18421820
-1079.87231,-0.18819496
-1080.55298,-0.19098474
-1081.23364,-0.18271518
-1081.86194,-0.17659751
-1082.54260,-0.17975298
-1083.22327,-0.18387663
-1084.00867,-0.21184452
-1085.37000,-0.37874597
-1086.05066,-0.18395542
-1086.73132,-0.19134873
-1087.41199,-0.19763801
-1088.09265,-0.18931431
-1088.82568,-0.18545827
-1089.50635,-0.18718629
-1090.18701,-0.18913272
-1090.86768,-0.18890767
-1091.60071,-0.19082206
-1092.28137,-0.18669400
-1093.11914,-0.22221659
-1093.85217,-0.20072709
-1094.53284,-0.19937335
-1095.21350,-0.18950784
-1095.94653,-0.18564467
-1096.67957,-0.19447342
-1097.36023,-0.19930138
-1098.09326,-0.19451272
-1098.82629,-0.18999998
-1100.29236,-0.39975569
-1101.02539,-0.19792672
-1101.91553,-0.23742822
-1102.64856,-0.19804502
-1103.38159,-0.19347785
-1104.16699,-0.20124386
-1104.84766,-0.20154901
-1105.58069,-0.20496675
-1106.36609,-0.20890808
-1107.04675,-0.19858271
-1107.77979,-0.19259830
-1108.51282,-0.20575030
-1109.24585,-0.19588479
-1110.08362,-0.22555064
-1110.81665,-0.19840376
-1111.54968,-0.20302340
-1112.28271,-0.20298201
-1113.01575,-0.19950381
-1113.74878,-0.19747344
-1114.53418,-0.20065865
-1115.26721,-0.20896855
-1116.78564,-0.42507839
-1117.57104,-0.19949999
-1118.35645,-0.21312344
-1119.14185,-0.21576813
-1119.92725,-0.20418842
-1120.71265,-0.20492923
-1121.49805,-0.21310255
-1122.44055,-0.25769275
-1123.27832,-0.21486384
-1124.06372,-0.20503758
-1124.90149,-0.20713824
-1125.68689,-0.22203794
-1126.57703,-0.23405413
-1127.41479,-0.22057757
-1128.25256,-0.21332762
-1129.14270,-0.23522778
-1130.03284,-0.24154714
-1131.02771,-0.25190276
-1131.86548,-0.22054447
-1132.75562,-0.23907159
-1134.53589,-0.47077280
-1135.37366,-0.22729737
-1136.26379,-0.23397499
-1137.15393,-0.24173966
-1138.04407,-0.23029181
-1138.88184,-0.22330567
-1139.77197,-0.23454198
-1140.60974,-0.24257453
-1141.49988,-0.22829469
-1142.33765,-0.22409341
-1143.17542,-0.23520714
-1144.17029,-0.27422893
-1145.06042,-0.22372855
-1145.89819,-0.22660665
-1146.73596,-0.23522778
-1147.62610,-0.23775114
-1148.46387,-0.22733405
-1149.30164,-0.23181288
-1150.13940,-0.23254327
-1151.02954,-0.22555636
-1151.91968,-0.22402646
-1153.69995,-0.47644255
-1154.59009,-0.24568431
-1155.48022,-0.23189816
-1156.52747,-0.26746869
-1157.41760,-0.24047120
-1158.25537,-0.23462015
-1159.14551,-0.23260850
-1160.03564,-0.24113515
-1160.97815,-0.23635964
-1161.86829,-0.22786224
-1162.75842,-0.23549427
-1163.64856,-0.24607511
-1164.59106,-0.24030973
-1165.63831,-0.26767561
-1166.52844,-0.23875146
-1167.47095,-0.26123285
-1168.41345,-0.24272771
-1169.30359,-0.23494449
-1170.19373,-0.25781566
-1171.13623,-0.26655227
-1175.01086,-1.05912077
-1175.95337,-0.25379813
-1176.89587,-0.25057563
-1177.78601,-0.25906926
-1178.67615,-0.26550603
-1179.61865,-0.26261765
-1180.50879,-0.25515854
-1181.45129,-0.25836354
-1182.34143,-0.26841152
-1183.28394,-0.25171554
-1184.22644,-0.24494919
-1185.16895,-0.25915271
-1186.11145,-0.27425712
-1187.21106,-0.32021704
-1188.20593,-0.26424691
-1189.09607,-0.26550603
-1190.09094,-0.27861673
-1191.08582,-0.28096068
-1192.08069,-0.25677603
-1193.02319,-0.26353219
-1194.01807,-0.28038013
-1196.06006,-0.55919808
-1197.05493,-0.27251542
-1198.04980,-0.29157650
-1199.09705,-0.28484488
-1200.03955,-0.26398939
-1201.03442,-0.28190663
-1202.23865,-0.34902474
-1203.23352,-0.27417117
-1204.22839,-0.27049255
-1205.22327,-0.29003772
-1206.16577,-0.27967232
-1207.21301,-0.27856004
-1208.15552,-0.27337596
-1209.15039,-0.27445209
-1210.09290,-0.28598732
-1211.14014,-0.28892082
-1212.13501,-0.27186593
-1213.28699,-0.31969857
-1214.28186,-0.29615387
-1215.27673,-0.29131991
-1217.31873,-0.57910186
-1218.31360,-0.29007602
-1219.36084,-0.28171694
-1220.30334,-0.28446969
-1221.35059,-0.29664066
-1222.39783,-0.29860327
-1223.44507,-0.28876317
-1224.43994,-0.28103578
-1225.48718,-0.29244572
-1226.53442,-0.29406911
-1227.52930,-0.28609052
-1228.78589,-0.34510607
-1229.83313,-0.28833416
-1230.88037,-0.27657190
-1231.92761,-0.28402808
-1232.97485,-0.29581940
-1234.07446,-0.29212993
-1235.12170,-0.28634599
-1236.16895,-0.28361985
-1237.21619,-0.28594390
-1238.21106,-0.27972287
-1240.30542,-0.55493695
-1241.35266,-0.28416640
-1242.60925,-0.33896178
-1243.65649,-0.28098041
-1244.70374,-0.27128282
-1245.75098,-0.28163597
-1246.79822,-0.28839284
-1247.84546,-0.28809649
-1248.94507,-0.29296213
-1249.99231,-0.28507000
-1251.03955,-0.28532904
-1252.13916,-0.29352537
-1253.44812,-0.33702615
-1254.54773,-0.29520765
-1255.69971,-0.31504360
-1256.79932,-0.30635384
-1257.95129,-0.29723009
-1259.10327,-0.30666691
-1260.25525,-0.31513369
-1261.40723,-0.31678984
-1263.81580,-0.65489227
-1265.02002,-0.33769941
-1266.17200,-0.33085868
-1267.37622,-0.33265153
-1268.58044,-0.34331083
-1269.78467,-0.34724349
-1271.25073,-0.40054345
-1272.50732,-0.35082227
-1273.71155,-0.35522225
-1275.02051,-0.35318840
-1276.27710,-0.35459283
-1277.53369,-0.35941219
-1278.79028,-0.36126813
-1280.09924,-0.36523324
-1281.40820,-0.37586135
-1282.71716,-0.36831811
-1284.07849,-0.36694521
-1285.38745,-0.37542346
-1286.95825,-0.45139912
-1288.26721,-0.38349992
-1289.62854,-0.38731328
-1292.40356,-0.81645429
-1293.81726,-0.40335801
-1295.17859,-0.40145418
-1296.53992,-0.41163057
-1297.95361,-0.42186424
-1299.36731,-0.43321943
-1300.72864,-0.43036854
-1302.14233,-0.42760319
-1303.55603,-0.42905599
-1304.96973,-0.40104911
-1306.59290,-0.47969395
-1308.00659,-0.42971846
-1309.36792,-0.41571999
-1310.78162,-0.41385347
-1312.19531,-0.41987112
-1313.55664,-0.38472390
-1314.91797,-0.38667166
-1316.27930,-0.41642430
-1317.64063,-0.40296090
-1319.00195,-0.36561900
-1321.77698,-0.78279221
-1323.08594,-0.38325745
-1324.39490,-0.36558455
-1325.86096,-0.40812841
-1327.11755,-0.34284061
-1328.32178,-0.34688339
-1329.57837,-0.34483790
-1330.78259,-0.30038741
-1331.88220,-0.29333195
-1333.03418,-0.32098398
-1334.23840,-0.32258910
-1335.39038,-0.27651688
-1336.48999,-0.24950244
-1337.58960,-0.25668630
-1338.74158,-0.25256458
-1340.05054,-0.27764127
-1341.15015,-0.22480613
-1342.24976,-0.21172576
-1343.34937,-0.19301003
-1344.44897,-0.17371553
-1345.54858,-0.16551088
-1347.80005,-0.33442703
-1348.89966,-0.12842570
-1349.94690,-0.11295541
-1351.04651,-0.12126284
-1352.09375,-0.12109751
-1353.19336,-0.10056820
-1354.29297,-0.06591871
-1355.54956,-0.07118788
-1356.59680,-0.07526328
-1357.64404,-0.07927782
-1358.69128,-0.06810522
-1359.73853,-0.06281400
-1360.78577,-0.05888462
-1361.83301,-0.03814914
-1362.88025,-0.03015307
-1363.92749,-0.03650607
-1364.97473,-0.03601740
-1366.02197,-0.02798354
-1367.01685,-0.01620495
-1368.22107,-0.00464782
-1370.36780,-0.02756353
-1371.41504,0.00441474
-1372.46228,0.03279737
-1373.50952,0.01877099
-1374.55676,0.00896706
-1375.65637,0.01862461
-1376.70361,0.04871958
-1377.75085,0.06223150
-1378.85046,0.03875121
-1379.89771,0.05081621
-1380.94495,0.07583878
-1381.99219,0.07028528
-1382.98706,0.04686134
-1384.24365,0.05375322
-1385.23853,0.07396515
-1386.28577,0.08046398
-1387.28064,0.04291310
-1388.27551,0.02884631
-1389.32275,0.04452609
-1390.37000,0.06108107
-1391.36487,0.04880458
-1393.51160,0.04018562
-1394.55884,0.03860975
-1395.60608,0.03293771
-1396.70569,0.02381337
-1397.96228,0.01849186
-1399.00952,0.01200611
-1400.10913,0.02178528
-1401.20874,0.02358190
-1402.30835,0.01037400
-1403.40796,0.00468834
-1404.50757,0.01136304
-1405.60718,0.01830559
-1406.75916,0.01248168
-1407.85876,-0.00052591
-1409.01074,0.00097530
-1410.37207,0.02831551
-1411.47168,0.02033121
-1412.67590,-0.00307782
-1413.82788,-0.00434103
-1414.97986,0.01366653
-1416.13184,0.01531090
-1417.33606,-0.00491519
-1419.69226,0.00606732
-1420.89648,0.00682273
-1422.04846,0.00627206
-1423.25269,0.00157548
-1424.45691,0.00724855
-1425.66113,0.01102664
-1426.86536,0.00147932
-1428.06958,-0.00067754
-1429.48328,-0.02537464
-1430.68750,-0.03602565
-1431.99646,0.01006534
-1433.20068,0.06268163
-1434.40491,0.04936507
-1435.60913,-0.02325710
-1436.81335,-0.04933759
-1438.06995,0.00093912
-1439.27417,0.04132137
-1440.47839,0.01920977
-1441.89209,-0.01996312
-1443.09631,-0.01761793
-1444.35291,0.00398835
-1446.81384,0.03319198
-1448.07043,-0.02220678
-1449.27466,-0.01117841
-1450.53125,0.01655130
-1451.78784,0.00967637
-1452.99207,-0.00254242
-1454.24866,-0.00169351
-1455.50525,0.00285203
-1456.70947,-0.00345527
-1458.17554,-0.01157569
-1459.43213,0.00698707
-1460.68872,0.00913383
-1461.89294,-0.00983200
-1463.14954,-0.01235634
-1464.40613,0.00048834
-1465.61035,0.00041254
-1466.86694,0.00063782
-1468.17590,-0.00238679
-1469.38013,-0.00229332
-1470.63672,-0.00364527
-1472.10278,-0.02337063
-1474.66846,0.00581342
-1475.92505,0.01451832
-1477.18164,-0.01607077
-1478.49060,-0.02507496
-1479.74719,-0.00127954
-1481.00378,0.01111243
-1482.26038,0.00736122
-1483.46460,-0.01189113
-1484.77356,-0.02171913
-1486.03015,-0.01343730
-1487.28674,0.01273047
-1488.54333,0.00578760
-1490.00940,-0.01712788
-1491.31836,-0.02257730
-1492.57495,-0.00210150
-1493.83154,0.01069232
-1495.14050,-0.01350498
-1496.39709,-0.00138934
-1497.70605,-0.00041321
-1498.96265,-0.01308883
-1501.63306,0.00403609
-1502.94202,0.00510630
-1504.25098,-0.00606870
-1505.55994,-0.00906923
-1506.86890,-0.00813050
-1508.17786,0.01396846
-1509.43445,0.00855435
-1510.95288,-0.00368253
-1512.26184,-0.01622473
-1513.62317,-0.00018763
-1514.93213,0.01810260
-1516.18872,0.00311725
-1517.49768,-0.01242387
-1518.80664,0.00754134
-1520.06323,0.01106813
-1521.37219,-0.01055089
-1522.68115,-0.01025105
-1524.19958,0.01987321
-1525.50854,0.01373198
-1526.81750,-0.01084522
-1528.12646,0.00225298
-1530.74451,0.01063893
-1532.10583,-0.02437860
-1533.41479,0.01690091
-1534.67139,0.04063484
-1535.98035,0.00622690
-1537.28931,-0.02734585
-1538.59827,0.00217566
-1539.90723,0.02878299
-1541.16382,0.00574743
-1542.47278,-0.01954347
-1544.04358,-0.00324470
-1545.35254,0.02389479
-1546.60913,0.01482305
-1547.97046,-0.00849676
-1549.27942,-0.00859886
-1550.58838,0.02306954
-1551.89734,0.01646753
-1553.20630,-0.01538595
-1554.51526,-0.01518701
-1555.87659,0.01145962
-1557.23792,0.01746947
-1559.96057,-0.00601136
-1561.37427,0.01197962
-1562.68323,0.00976687
-1564.25403,-0.00338271
-1565.61536,-0.00772736
-1567.02905,0.00180128
-1568.39038,0.01032825
-1569.75171,0.00499714
-1571.16541,-0.00003751
-1572.52673,-0.00003751
-1573.94043,-0.00255130
-1575.30176,-0.00146592
-1576.71545,0.00358969
-1578.39099,0.00228165
-1579.75232,0.01080330
-1581.16602,0.00874195
-1582.57971,-0.00225344
-1583.94104,-0.01159340
-1585.35474,-0.00086311
-1586.76843,0.00129044
-1588.18213,-0.00394247
-1591.11426,-0.00092556
-1592.47559,-0.00521515
-1593.88928,-0.00757731
-1595.30298,-0.00619191
-1596.71667,-0.00435753
-1598.13037,-0.00453889
-1599.75354,-0.00780347
-1601.16724,-0.00262580
-1602.58093,-0.00716615
-1603.99463,-0.00781350
-1605.46069,0.00347563
-1606.87439,-0.00138934
-1608.28809,-0.01042818
-1609.64941,-0.00754287
-1611.06311,-0.01111695
-1612.47681,-0.00435221
-1614.15234,-0.00535031
-1615.56604,-0.00847230
-1616.97974,-0.00953368
-1618.34106,-0.00529008
-1619.75476,-0.00582137
-1622.58215,-0.00165222
-1623.94348,-0.00499105
-1625.35718,-0.01522864
-1626.71851,0.00105182
-1628.07983,0.00904026
-1629.44116,-0.00138792
-1630.80249,-0.00750534
-1632.21619,-0.00320162
-1633.57751,0.00259250
-1634.93884,0.00734979
-1636.50964,-0.01039905
-1637.87097,-0.00855435
-1639.23230,0.00247928
-1640.54126,0.00206313
-1641.90259,-0.00213859
-1643.21155,-0.00018763
-1644.57288,0.01049618
-1645.88184,0.01611524
-1647.19080,-0.00334939
-1648.49976,-0.00551306
-1651.11780,0.00576412
-1652.42676,-0.00467414
-1653.73572,0.00844008
-1654.99231,0.01554870
-1656.45837,-0.00881178
-1657.76733,-0.01372233
-1659.02393,0.01768947
-1660.28052,0.02833267
-1661.53711,-0.00363481
-1662.79370,-0.02215427
-1664.05029,0.00510467
-1665.25452,0.02752387
-1666.51111,0.00802745
-1667.71533,-0.01841812
-1669.18140,-0.01118496
-1670.38562,0.01835769
-1671.58984,0.01537531
-1672.79407,0.00030162
-1673.99829,0.00503574
-1675.15027,0.00195060
-1676.35449,0.00318912
-1678.71069,-0.00650387
-1679.86267,0.00180055
-1681.01465,0.00927853
-1682.11426,0.00469084
-1683.21387,-0.01607450
-1684.57520,-0.04310305
-1685.67480,-0.00249792
-1686.82678,0.04390253
-1687.92639,0.06465854
-1688.97363,0.01716092
-1690.07324,-0.04022215
-1691.12048,-0.03961209
-1692.22009,0.00862763
-1693.26733,0.03965767
-1694.26221,0.01598597
-1695.30945,-0.02497386
-1696.35669,-0.01987053
-1697.35156,0.01732797
-1698.50354,0.01144615
-1699.49841,-0.01299745
-1700.49329,-0.00517658
-1702.48291,0.00387483
-1703.47778,-0.01313435
-1704.42029,0.02747940
-1705.36279,0.03154713
-1706.25293,-0.00992922
-1707.24780,-0.03153921
-1708.19031,-0.00161496
-1709.13281,0.02636519
-1710.18005,0.00429704
-1711.12256,-0.01932233
-1712.01270,-0.00146324
-1712.90283,0.01046782
-1713.84534,-0.00208916
-1714.73547,-0.01308725
-1715.62561,-0.00628481
-1716.46338,0.00911714
-1717.35352,0.00615313
-1718.19128,-0.01153242
-1719.08142,-0.01035527
-1720.07629,0.00670747
-1720.86169,0.01252627
-1722.58960,-0.02326017
-1723.42737,-0.00410872
-1724.26514,-0.00442815
-1725.05054,-0.00132225
-1725.88831,0.00120183
-1726.67371,-0.00274224
-1727.45911,-0.00806496
-1728.29688,-0.00849311
-1729.02991,0.00270137
-1729.81531,0.00213859
-1730.75781,-0.00149263
-1731.49084,0.00919230
-1732.27625,0.00298753
-1733.00928,-0.02009634
-1733.74231,-0.00941921
-1734.47534,0.00848966
-1735.20837,0.00033760
-1735.88904,-0.00596311
-1736.62207,-0.00979248
-1737.30273,-0.00502653
-1737.93103,0.00296702
-1739.23999,0.01227176
-1739.86829,-0.01054501
-1740.49658,-0.01734740
-1741.22961,-0.00374519
-1741.85791,0.00615313
-1742.43384,0.00536414
-1743.00977,-0.00165084
-1743.58569,-0.01069294
-1744.21399,-0.00875931
-1744.73755,0.00263675
-1745.31348,0.00629660
-1745.83704,-0.00030107
-1746.36060,-0.01114090
-1746.93652,-0.01243145
-1747.46008,0.00487847
-1748.08838,0.00899340
-1748.61194,0.00225069
-1749.13550,-0.00967992
-1749.71143,-0.00660873
-1750.23499,0.00585298
-1750.70618,0.00926344
-1751.75342,-0.00668705
-1752.27698,0.00083852
-1752.74817,-0.00326615
-1753.21936,0.00060018
-1753.69055,0.00592560
-1754.16174,-0.00277585
-1754.63293,-0.00428153
-1755.10413,0.00065782
-1755.57532,0.00037954
-1755.99414,-0.00465147
-1756.41296,-0.00229611
-1756.83179,0.00056347
-1757.25061,0.00318847
-1757.61719,0.00277585
-1758.03601,-0.00791492
-1758.40259,-0.00480342
-1758.76917,0.00709832
-1759.18799,0.00318847
-1759.60681,-0.01021643
-1759.97339,-0.00315096
-1760.33997,0.01104857
-1761.02063,-0.01173185
-1761.38721,-0.00292827
-1761.70142,0.01129324
-1761.96326,0.00240171
-1762.27747,-0.01100204
-1762.53931,-0.00431645
-1762.80115,0.00333997
-1763.06299,-0.00037863
-1763.32483,-0.00286015
-1763.58667,0.00165957
-1763.79614,0.00495554
-1764.05798,-0.00306878
-1764.21509,-0.00915279
-1764.37219,0.00382695
-1764.47693,0.00686182
-1764.58167,-0.00450870
-1764.73877,-0.00513907
-1764.84351,0.00397621
-1764.94824,0.00363935
-1765.05298,-0.00236707
-1765.21008,-0.00071692
-1765.47192,0.00685164
-1765.57666,-0.00210107
-1765.73376,0.00064081
-1765.83850,0.00653211
-1765.94324,0.00138821
-1766.04797,-0.00653469
-1766.10034,-0.00356698
-1766.20508,0.00297607
-1766.25745,0.00116285
-1766.30981,-0.00176304
-1766.36218,-0.00026258
-1766.41455,0.00142573
-1766.46692,0.00022539
-1766.51929,-0.00150046
-1766.57166,0.00008768
-1766.62402,0.00071257
-1766.67639,-0.00056290
-1766.72876,-0.00142747
-1766.78113,-0.00003773
-1766.83350,0.00056382
-1766.88586,-0.00033753
-1767.04297,-0.00157756
-1767.09534,-0.00086698
-1767.14771,-0.00165084
-1767.25244,-0.00117658
-1767.30481,-0.00102229
-1767.40955,-0.00022608
-1767.51428,0.00187519
-1767.61902,0.00271853
-1767.67139,-0.00011253
-1767.77612,0.00052527
-1767.88086,0.00399240
-1767.98560,0.00273945
-1768.09033,-0.00056336
-1768.24744,0.00015002
-1768.35217,0.00285145
-1768.45691,0.00138990
-1768.61401,-0.00315160
-1768.71875,-0.00577700
-1768.87585,-0.00229006
-1768.98059,0.00138821
-1769.24243,0.00011365
-1769.39954,-0.00018756
-1769.55664,0.00086294
-1769.66138,-0.00163564
-1769.81848,-0.00547513
-1769.97559,-0.00256272
-1770.13269,0.00086276
-1770.28979,0.00131290
-1770.44690,-0.00180275
-1770.65637,-0.00048316
-1770.81348,0.00229053
-1770.97058,0.00000010
-1771.12769,0.00018763
-1771.23242,0.00240269
-1771.38953,0.00120183
-1771.49426,0.00180128
-1771.65137,0.00295328
-1771.75610,0.00101384
-1771.86084,-0.00191386
-1771.96558,-0.00127695
-1772.12268,-0.00131519
-1772.27979,-0.00520652
-1772.38452,0.00141108
-1772.43689,0.00221197
-1772.54163,0.00142979
-1772.59399,0.00127565
-1772.69873,0.00153797
-1772.75110,-0.00041279
-1772.85583,-0.00082626
-1772.96057,-0.00090027
-1773.01294,-0.00101260
-1773.11768,-0.00033753
-1773.27478,0.00004385
-1773.37952,0.00270412
-1773.48425,0.00176340
-1773.64136,-0.00056679
-1773.79846,-0.00180202
-1773.95557,-0.00255182
-1774.11267,-0.00266656
-1774.26978,0.00086294
-1774.42688,0.00135041
-1774.63635,-0.00352608
-1775.00293,0.00424214
-1775.16003,0.00920524
-1775.31714,-0.00225756
-1775.47424,-0.00952791
-1775.68372,-0.00280721
-1775.84082,0.00406360
-1775.99792,0.00345105
-1776.15503,-0.00352536
-1776.31213,-0.00427718
-1776.46924,0.00176376
-1776.57397,0.00226168
-1776.73108,-0.00030052
-1776.83582,0.00157580
-1776.94055,0.00320729
-1777.09766,0.00061440
-1777.15002,-0.00300397
-1777.25476,-0.00195020
-1777.30713,0.00082727
-1777.41187,0.00146295
-1777.46423,-0.00101302
-1777.51660,-0.00178600
-1777.56897,-0.00046250
-1777.56897,-0.00060214
-1777.56897,0.00007495
-1777.56897,0.00079063
-1777.56897,-0.00014986
-1777.56897,0.00000010
-1777.56897,0.00161924
-1777.56897,-0.00037481
-1777.56897,-0.00007501
-1777.56897,0.00112374
-1777.56897,0.00026231
-1777.56897,0.00033953
-1777.56897,0.00033753
-1777.56897,0.00041263
-1777.56897,0.00014983
-1777.56897,0.00021897
-1777.56897,0.00007495
-1777.56897,0.00071417
-1777.56897,0.00067534
-1777.56897,0.00037962
-1777.56897,0.00022658
-1777.56897,0.00011505
-1777.56897,-0.00007528
-1777.56897,0.00022479
-1777.56897,-0.00041204
-1777.56897,0.00067438
-1777.56897,0.00037473
-1777.56897,0.00013152
-1777.56897,-0.00007492
-1777.56897,0.00007495
-1777.56897,0.00018870
-1777.56897,0.00022502
-1777.56897,-0.00003751
-1777.56897,0.00007493
-1777.56897,0.00067424
-1777.56897,0.00037466
-1777.56897,0.00052463
-1777.56897,-0.00043847
-1777.56897,-0.00045545
-1777.56897,0.00026461
-1777.56897,-0.00063886
-1777.56897,-0.00059969
-1777.56897,-0.00073389
-1777.56897,0.00003752
-1777.56897,0.00063679
-1777.56897,0.00059957
-1777.56897,-0.00033788
-1777.56897,-0.00037466
-1777.56897,-0.00011240
-1777.56897,0.00007495
-1777.56897,0.00000010
-1777.56897,0.00067521
-1777.56897,0.00000010
-1777.56897,-0.00052409
-1777.56897,-0.00007492
-1777.56897,0.00003747
-1777.56897,-0.00026258
-1777.56897,-0.00014989
-1777.56897,-0.00015231
-1777.56897,-0.00030315
-1777.56897,-0.00041355
-1777.56897,-0.00021924
-1777.56897,0.00014983
-1777.56897,-0.00076664
-1777.56897,-0.00029985
-1777.56897,-0.00022585
-1777.56897,-0.00048705
-1777.56897,-0.00033712
-1777.56897,0.00052463
-1777.56897,-0.00015133
-1777.56897,-0.00041296
-1777.56897,0.00018733
-1777.56897,0.00051994
-1777.56897,0.00015130
-1777.56897,0.00015005
-1777.56897,0.00007518
-1777.56897,0.00022484
-1777.56897,-0.00011395
-1777.56897,0.00000010
-1777.56897,0.00000010
-1777.56897,-0.00048725
-1777.56897,-0.00082424
-1777.56897,-0.00018729
-1777.56897,0.00000010
-1777.56897,0.00053777
-1777.56897,0.00071939
-1777.56897,-0.00003747
-1777.56897,0.00026221
-1777.56897,0.00007496
-1777.56897,-0.00034358
-1777.56897,-0.00033760
-1777.56897,0.00003746
-1777.56897,0.00061311
-1777.56897,0.00000010
-1777.56897,-0.00022489
-1777.56897,-0.00056210
-1777.56897,0.00003790
-1777.56897,-0.00015224
-1777.56897,-0.00045298
-1777.56897,-0.00015093
-1777.56897,-0.00015014
-1777.56897,0.00033712
-1777.56897,0.00007493
-1777.56897,-0.00004380
-1777.56897,-0.00022525
-1777.56897,-0.00045453
-1777.56897,0.00018733
-1777.56897,0.00018740
-1777.56897,-0.00022736
-1777.56897,0.00018740
-1777.56897,-0.00011237
-1777.56897,-0.00033719
-1777.56897,-0.00029985
-1777.56897,-0.00021920
-1777.56897,-0.00037458
-1777.56897,-0.00003748
-1777.56897,-0.00045545
-1777.56897,-0.00034076
-1777.56897,-0.00007527
-1777.56897,-0.00007493
-1777.56897,0.00000010
-1777.56897,0.00041170
-1777.56897,-0.00033726
-1777.56897,-0.00004385
-1777.56897,0.00026221
-1777.56897,-0.00003747
-1777.56897,0.00060745
-1777.56897,-0.00022713
-1777.56897,-0.00026237
-1777.56897,0.00003747
-1777.56897,-0.00018729
-1777.56897,-0.00007496
-1777.56897,-0.00003764
-1777.56897,0.00011244
-1777.56897,0.00013140
-1777.56897,0.00000010
-1777.56897,0.00003775
-1777.56897,0.00011288
-1777.56897,0.00000010
-1777.56897,0.00022461
-1777.56897,-0.00003746
-1777.56897,-0.00056210
-1777.56897,-0.00067534
-1777.56897,-0.00003746
-1777.56897,0.00008759
-1777.56897,0.00059945
-1777.56897,0.00018737
-1777.56897,-0.00026974
-1777.56897,-0.00056233
-1777.56897,-0.00029966
-1777.56897,-0.00007496
-1777.56897,-0.00030565
-1777.56897,0.00007505
-1777.56897,0.00044950
-1777.56897,-0.00007495
-1777.56897,0.00000010
-1777.56897,-0.00018943
-1777.56897,0.00026306
-1777.56897,0.00013138
-1777.56897,-0.00022475
-1777.56897,0.00011244
-1777.56897,-0.00007502
-1777.56897,-0.00011237
-1777.56897,-0.00003747
-1777.56897,-0.00029973
-1777.56897,-0.00007495
-1777.56897,-0.00018760
-1777.56897,-0.00057887
-1777.56897,0.00022493
-1777.56897,-0.00017521
-1777.56897,-0.00011295
-1777.56897,-0.00018729
-1777.56897,0.00022479
-1777.56897,-0.00007496
-1777.56897,-0.00007586
-1777.56897,0.00003780
-1777.56897,0.00067644
-1777.56897,0.00014986
-1777.56897,-0.00033712
-1777.56897,-0.00004381
-1777.56897,-0.00037511
-1777.56897,-0.00003747
-1777.56897,-0.00007492
-1777.56897,0.00026226
-1777.56897,-0.00007504
-1777.56897,0.00044185
-1777.56897,-0.00033987
-1777.56897,-0.00007579
-1777.56897,0.00049896
-1777.56897,-0.00026301
-1777.56897,-0.00048705
-1777.56897,-0.00033719
-1777.56897,-0.00014983
-1777.56897,0.00000010
-1777.56897,-0.00023070
-1777.56897,0.00003796
-1777.56897,0.00022557
-1777.56897,-0.00017518

