0.00000,-0.00005031
0.00000,0.00037945
0.00000,0.00011279
0.00000,0.00041095
0.00000,0.00048556
0.00000,0.00134492
0.00000,0.00130809
0.00000,-0.00048626
0.00000,-0.00212945
0.00000,-0.00175023
0.00000,0.00231211
0.00000,0.00004552
-0.05236,-0.00238198
-0.05236,-0.00206523
-0.05236,0.00059872
-0.05236,0.00110377
-0.05236,0.00041321
-0.10472,-0.00166069
-0.10472,-0.00037427
-0.15708,0.00089698
-0.20944,0.00134766
-0.20944,0.00000010
-0.26180,-0.00123234
-0.36652,-0.00074840
-0.41888,0.00101034
-0.62832,-0.00223388
-0.78540,-0.00494647
-0.94248,0.00145937
-1.15192,0.00745111
-1.36136,0.00724790
-1.62316,-0.00679221
-1.93732,-0.01586443
-2.25147,-0.00503267
-2.61799,0.01803637
-2.98451,0.01909580
-3.29867,0.00082441
-3.71755,-0.01979914
-4.13643,-0.01774063
-4.66003,0.00479267
-5.13127,0.02305062
-5.75959,0.00394214
-6.38791,-0.02372902
-7.06858,-0.02095939
-7.80162,0.00550184
-8.53466,0.02564828
-9.26770,0.00882775
-10.10546,-0.01815233
-10.99557,-0.02619916
-11.93805,-0.01102664
-13.98009,0.02708863
-15.02729,-0.00850124
-16.17920,-0.02354104
-17.43584,-0.01037001
-18.90192,0.00522328
-20.15855,0.01143866
-21.46755,0.00220957
-22.82891,-0.01202402
-24.24262,-0.01621602
-25.76106,-0.01356533
-27.27950,-0.00491300
-28.90265,0.00172272
-30.52581,0.00280878
-32.51548,-0.00201417
-34.34808,-0.01011573
-36.23304,-0.00338221
-38.17035,-0.00992637
-40.21239,-0.00731176
-42.25442,-0.00056187
-44.45354,0.00409457
-46.65265,0.00098145
-49.00885,-0.00680063
-53.87831,-0.01822056
-56.39159,0.00477850
-58.95723,0.01110191
-61.99410,0.00735609
-64.66445,-0.00352034
-67.38717,-0.01179927
-70.16224,-0.00198608
-72.98967,0.01192621
-75.86946,0.01555775
-78.80161,0.00660336
-81.78613,0.00363269
-84.77064,-0.00681875
-88.38347,-0.00306931
-91.52506,0.00816418
-94.71902,0.01917225
-97.91297,0.01894989
-101.10693,0.01015526
-104.40560,-0.00672867
-107.70428,-0.00798994
-111.10767,0.00303634
-114.56342,0.00793672
-117.96680,0.00725886
-121.42255,-0.00792550
-128.59586,-0.04733373
-132.73228,0.02068513
-136.29276,0.02288664
-139.85323,0.00075069
-143.46606,-0.03280248
-147.13126,-0.03765531
-150.79645,-0.01293618
-154.51399,0.00712427
-158.23154,-0.00146384
-162.00145,-0.00379328
-165.71899,-0.00828328
-170.16959,-0.00657252
-173.99185,-0.00157516
-177.86649,0.01029032
-181.74112,0.01511711
-185.61575,0.02038960
-189.59511,0.02029844
-193.52209,0.02175663
-197.44908,0.02835534
-201.48079,0.03500530
-205.51250,0.05240721
-209.59657,0.07380742
-218.07887,0.18923399
-222.32002,0.12525344
-227.39893,0.20057552
-231.79715,0.22166213
-236.30009,0.27537048
-240.85541,0.32786632
-245.41072,0.36719623
-250.01839,0.41498870
-254.57370,0.46009684
-259.23373,0.41158134
-263.89377,0.28695256
-268.60617,0.11728358
-273.31857,0.04404394
-278.03098,-0.00592443
-283.52875,-0.04927111
-288.24115,-0.08923138
-292.90118,-0.14071433
-297.56122,-0.18793009
-302.27362,-0.24196702
-306.93365,-0.28034407
-311.64606,-0.32503143
-316.30609,-0.37368476
-325.94031,-0.90852016
-330.65271,-0.50876778
-334.84149,-0.54101485
-338.71613,-0.57346237
-342.69547,-0.51266074
-347.40787,-0.48097694
-351.49194,-0.30726877
-355.62839,-0.20946449
-359.86954,-0.11605974
-364.16306,-0.02870794
-368.45657,0.04240336
-372.80243,0.10869349
-377.20065,0.17729314
-381.59888,0.23655204
-385.94473,0.20485421
-390.39532,0.10155601
-394.79355,0.00157708
-400.02954,-0.12849590
-404.48013,-0.18594426
-408.93073,-0.26427794
-413.43369,-0.33631721
-421.70654,-0.88895434
-425.63354,-0.46588117
-429.66525,-0.35564339
-433.74933,-0.25193405
-437.83340,-0.14469777
-441.96985,-0.05259041
-446.15863,0.03812175
-450.39978,0.11419360
-455.32159,0.21189682
-459.56274,0.21728317
-463.85626,0.14570381
-468.09741,0.04711519
-472.39093,-0.05257463
-476.42264,-0.13694566
-480.14020,-0.21448435
-483.91010,-0.21935076
-487.78473,-0.12609337
-491.60699,-0.05687013
-495.48163,0.03129657
-499.30389,0.09950356
-503.75449,0.11968966
-507.62912,0.02831538
-515.01184,-0.19880188
-518.62469,-0.15866876
-522.28986,-0.08668201
-525.90271,0.00681168
-529.51556,0.03883919
-532.91895,-0.02404973
-536.42706,-0.09612003
-539.98755,-0.10687746
-543.54803,-0.04060664
-547.00378,0.00633428
-550.40717,-0.01720374
-553.86292,-0.06304391
-557.94696,-0.06568870
-561.50745,-0.01425725
-564.96320,0.00682292
-568.47131,-0.01960252
-572.03180,-0.04809947
-575.64465,-0.03479435
-579.25751,0.00056221
-582.87036,-0.00187901
-586.48322,-0.03089057
-590.20074,-0.04574534
-597.95001,-0.01644113
-601.66754,0.01282369
-606.11810,-0.02474824
-610.04510,-0.05143132
-613.97211,-0.04893671
-617.89911,-0.01440782
-621.77374,0.00194901
-625.64838,-0.02398445
-629.57538,-0.06454959
-633.55475,-0.06671523
-637.48175,-0.03482265
-641.40875,-0.01847441
-645.28339,-0.03529983
-649.21039,-0.05805591
-653.81805,-0.09077977
-657.79742,-0.04422600
-661.67206,-0.01630420
-665.54669,-0.02650980
-669.42133,-0.04837992
-673.34833,-0.05825331
-677.22296,-0.03893474
-685.18164,-0.03896200
-689.05627,-0.03335441
-692.98328,-0.04400764
-696.85791,-0.03450980
-700.73254,-0.01710939
-704.60718,-0.01878941
-709.11011,-0.04294148
-712.93237,-0.04985873
-716.80701,-0.04251201
-720.73401,-0.02554802
-724.60864,-0.01457711
-728.48328,-0.02503541
-732.35791,-0.05537442
-736.33728,-0.06140611
-740.26428,-0.04076618
-744.19128,-0.01856439
-748.74658,-0.03834638
-752.72595,-0.06928794
-756.70532,-0.08395752
-760.68469,-0.05599786
-764.66406,-0.03997907
-772.77985,-0.12539476
-776.86389,-0.08588918
-780.94794,-0.06491833
-784.97968,-0.03938294
-789.01141,-0.04424245
-793.09546,-0.06546462
-797.17950,-0.07123163
-801.26355,-0.05128015
-805.97595,-0.04246638
-810.11237,-0.03772352
-814.19641,-0.06015449
-818.28046,-0.04643964
-822.41687,-0.03065939
-826.50092,-0.03257092
-830.58496,-0.04342942
-834.66901,-0.04849626
-838.80542,-0.03897440
-842.94183,-0.02902585
-847.70660,-0.04075671
-851.79065,-0.03554638
-855.97943,-0.04148502
-860.11584,-0.04229799
-868.54578,-0.06831377
-872.68219,-0.03453252
-876.76624,-0.04871307
-880.90265,-0.06463223
-885.03906,-0.06387047
-889.12311,-0.05921853
-893.25952,-0.05608098
-897.34357,-0.06185693
-901.47998,-0.07448386
-906.29712,-0.08461124
-910.38116,-0.05899496
-914.46521,-0.05407784
-918.60162,-0.05671145
-922.68567,-0.06249341
-926.76971,-0.05499570
-930.90613,-0.05112179
-934.99017,-0.04735768
-939.12659,-0.05479877
-943.36774,-0.04889569
-947.50415,-0.02982971
-951.64056,-0.02432918
-960.12286,-0.10108254
-964.31165,-0.05682886
-969.18109,-0.04118779
-973.42224,-0.04426200
-977.55865,-0.03523758
-981.79980,-0.04475405
-986.09332,-0.06150629
-990.33447,-0.03853823
-994.57562,-0.02196829
-998.81677,-0.03917789
-1003.11029,-0.07343096
-1007.45618,-0.08206678
-1012.53510,-0.07151435
-1016.88098,-0.04872737
-1021.27924,-0.04908495
-1025.67749,-0.06581621
-1030.12805,-0.07790551
-1034.63098,-0.07065619
-1039.13391,-0.06012870
-1043.63684,-0.06256102
-1048.19214,-0.05662706
-1057.40747,-0.10834344
-1061.96277,-0.05391657
-1066.57043,-0.04612033
-1071.12573,-0.03953368
-1075.73340,-0.03887966
-1081.07410,-0.06660409
-1085.68176,-0.04511629
-1090.28943,-0.03238938
-1094.94946,-0.03248796
-1099.55713,-0.04936771
-1104.16479,-0.05537064
-1108.82483,-0.05170583
-1113.48486,-0.04336750
-1118.14490,-0.02273991
-1122.75256,-0.03797704
-1127.46497,-0.05499527
-1132.17737,-0.08225840
-1136.83740,-0.07282608
-1142.33521,-0.06646093
-1146.99524,-0.05505493
-1156.52478,-0.15904221
-1161.23718,-0.08273862
-1166.00195,-0.06194462
-1170.71436,-0.05326626
-1175.47913,-0.05805171
-1180.24390,-0.05787797
-1185.06104,-0.05203670
-1189.82581,-0.04560324
-1194.64294,-0.03496067
-1199.46008,-0.03555949
-1204.27722,-0.04246296
-1209.93213,-0.05166115
-1214.80164,-0.03721924
-1219.67114,-0.03497490
-1224.59302,-0.04997863
-1229.56726,-0.05529639
-1234.54150,-0.06055573
-1239.51575,-0.06331809
-1244.54224,-0.04130011
-1249.51648,-0.03255994
-1254.49072,-0.05649225
-1264.75330,-0.19517125
-1269.93689,-0.08080334
-1275.01575,-0.04726443
-1280.04224,-0.06151859
-1286.06360,-0.11189348
-1291.24719,-0.10080320
-1296.43079,-0.07215389
-1301.56201,-0.03588905
-1306.74561,-0.04236683
-1311.98157,-0.07081291
-1317.21753,-0.06703970
-1322.45349,-0.03680622
-1327.68945,-0.01159340
-1333.03015,-0.03411390
-1338.31848,-0.06078281
-1343.65918,-0.06145508
-1349.89001,-0.04533814
-1355.17834,-0.03040852
-1360.51904,-0.04457140
-1365.85974,-0.06087934
-1376.85535,-0.09482227
-1382.19604,-0.05323958
-1387.53674,-0.08427516
-1392.92981,-0.09996921
-1398.37524,-0.08953534
-1403.71594,-0.06703970
-1409.05664,-0.07717396
-1414.39734,-0.10859565
-1420.68054,-0.14093052
-1426.07361,-0.09400581
-1431.36194,-0.06597996
-1436.65027,-0.07645748
-1441.99097,-0.10637386
-1447.38403,-0.09949163
-1452.77710,-0.08360440
-1458.17017,-0.06969275
-1463.51086,-0.07812487
-1468.79919,-0.09796923
-1474.19226,-0.11175456
-1479.63770,-0.10406329
-1485.08313,-0.07030864
-1496.23584,-0.06882934
-1501.73364,-0.03951023
-1508.22632,-0.05520472
-1513.82886,-0.03925759
-1519.37903,-0.02027267
-1524.98157,-0.01010085
-1530.63647,-0.01040759
-1536.29138,-0.03019438
-1541.99866,-0.03874514
-1547.70593,-0.02832691
-1553.36084,-0.01416196
-1559.12048,-0.02994284
-1564.82776,-0.05762924
-1570.53503,-0.06695015
-1577.18469,-0.05653958
-1582.83960,-0.03296186
-1588.49451,-0.04707836
-1594.14941,-0.07750601
-1599.85669,-0.08752618
-1605.61633,-0.05879924
-1622.47620,-0.09870279
-1629.23059,-0.06939600
-1634.99023,-0.06472430
-1640.74988,-0.05708702
-1646.45715,-0.06908183
-1652.21680,-0.08912065
-1657.97644,-0.11549246
-1663.78833,-0.12771420
-1669.54797,-0.11975469
-1675.25525,-0.11219155
-1681.17188,-0.11120209
-1686.98376,-0.12091964
-1693.73816,-0.13103345
-1699.55005,-0.09376248
-1705.36194,-0.07215569
-1711.17383,-0.06018831
-1717.03809,-0.06673788
-1722.84998,-0.06363492
-1728.76660,-0.05604060
-1734.63086,-0.05021645
-1740.49512,-0.04828069
-1752.53784,-0.11941795
-1758.45447,-0.05776070
-1764.31873,-0.06071823
-1770.18298,-0.08628307
-1776.09961,-0.10043859
-1783.06348,-0.07983208
-1788.92773,-0.06165639
-1794.84436,-0.08784266
-1800.86572,-0.11348104
-1806.88708,-0.09836224
-1812.85608,-0.06557101
-1818.77271,-0.04674022
-1824.63696,-0.06643581
-1830.60596,-0.09018941
-1836.57495,-0.07644267
-1842.49158,-0.02649925
-1848.40820,-0.01381713
-1855.31970,-0.05402305
-1861.23633,-0.07721145
-1867.20532,-0.06022875
-1879.24805,-0.03892704
-1885.11230,-0.06034065
-1890.97656,-0.11107735
-1896.89319,-0.11335374
-1902.75745,-0.06522805
-1908.56934,-0.04032829
-1914.32898,-0.07762104
-1920.19324,-0.12440504
-1926.16223,-0.10723695
-1932.02649,-0.05328904
-1937.89075,-0.02598740
-1943.59802,-0.05521646
-1950.40479,-0.11356400
-1956.21667,-0.09923798
-1962.08093,-0.05574984
-1967.89282,-0.02099954
-1973.70471,-0.04689101
-1979.56897,-0.08635919
-1985.48560,-0.08615121
-1991.40222,-0.05090791
-1997.31885,-0.03251542
-2009.41394,-0.12988283
-2015.38293,-0.10217054
-2021.35193,-0.09466527
-2027.32092,-0.07135878
-2034.23242,-0.07442980
-2040.14905,-0.09619282
-2046.22278,-0.12574168
-2052.24414,-0.10718336
-2058.26562,-0.06462998
-2064.18237,-0.04307029
-2070.04663,-0.06444824
-2075.91089,-0.09663481
-2081.82764,-0.09392867
-2087.69189,-0.06488369
-2093.60864,-0.03805209
-2099.47290,-0.04397954
-2105.33716,-0.07384500
-2112.19629,-0.10413740
-2118.11304,-0.06557737
-2123.97729,-0.03380470
-2135.91528,-0.08012351
-2141.72729,-0.09717443
-2147.59155,-0.11140972
-2153.45581,-0.07855278
-2159.32007,-0.03916475
-2165.13208,-0.06125588
-2171.04883,-0.10299183
-2176.91309,-0.09634087
-2182.77734,-0.06149206
-2188.58936,-0.03888156
-2194.29663,-0.06051828
-2201.05103,-0.09172861
-2206.86304,-0.06683262
-2212.62256,-0.04106258
-2218.38208,-0.05771821
-2224.08936,-0.08341466
-2229.84888,-0.09383523
-2235.66089,-0.07181337
-2241.42041,-0.03697886
-2247.17993,-0.03816922
-2252.93945,-0.07402515
-2264.72046,-0.16001092
-2270.47998,-0.05292892
-2277.18213,-0.08630146
-2282.94165,-0.09632245
-2288.75366,-0.10937864
-2294.51318,-0.12617116
-2300.27271,-0.11193064
-2306.08472,-0.09034355
-2311.94897,-0.08416244
-2317.65625,-0.10165988
-2323.36353,-0.09948917
-2329.12305,-0.07055227
-2334.83032,-0.02883057
-2340.58984,-0.03094108
-2346.40186,-0.04746373
-2353.15625,-0.04937209
-2359.07300,-0.03491196
-2364.88501,-0.01696586
-2370.80176,0.00852550
-2376.66602,-0.01353985
-2388.65649,-0.11253661
-2394.57324,-0.07869884
-2400.59473,-0.05606267
-2406.56372,-0.04826272
-2412.58521,-0.05317186
-2418.65894,-0.07682320
-2424.83740,-0.09520213
-2430.91113,-0.06611691
-2436.93262,-0.04615768
-2443.00635,-0.06380977
-2450.07495,-0.12062918
-2456.20117,-0.11217783
-2462.32739,-0.08516544
-2468.40112,-0.05079050
-2474.47485,-0.07694542
-2480.60107,-0.12425286
-2486.77954,-0.13312995
-2493.01025,-0.07676341
-2499.24097,-0.02532538
-2505.41943,-0.03288009
-2512.59277,-0.10437480
-2525.42090,-0.26432368
-2531.70410,-0.06516609
-2538.03955,-0.03868069
-2544.32275,-0.07833771
-2550.60596,-0.11838233
-2556.88916,-0.11191943
-2563.17236,-0.05990760
-2569.40308,-0.03477312
-2575.63379,-0.05077443
-2581.91699,-0.08235847
-2588.20020,-0.08111626
-2594.43091,-0.04782710
-2600.66162,-0.02823989
-2606.94482,-0.05625417
-2614.32764,-0.10734809
-2620.66309,-0.08546589
-2626.99854,-0.04858672
-2633.28174,-0.03788934
-2639.61719,-0.06717283
-2645.90039,-0.12013523
-2658.83325,-0.21736945
-2665.22119,-0.04739178
-2671.66138,-0.07703182
-2678.15405,-0.11585318
-2684.64673,-0.12373862
-2691.08691,-0.06853342
-2697.52710,-0.03630310
-2703.91504,-0.06128113
-2711.45483,-0.11918794
-2717.99976,-0.10429163
-2724.49243,-0.06683419
-2731.03735,-0.04459858
-2737.58228,-0.06530958
-2744.17969,-0.09632695
-2750.77710,-0.09586697
-2757.42676,-0.05880936
-2763.97168,-0.03961209
-2770.56909,-0.06697731
-2777.16650,-0.11075564
-2784.96802,-0.14263536
-2791.61768,-0.08425804
-2805.07422,-0.15133879
-2811.93335,-0.10215063
-2818.63550,-0.08626527
-2825.33765,-0.05735359
-2831.98730,-0.04800644
-2838.63696,-0.05669763
-2845.33911,-0.06783309
-2851.98877,-0.06156879
-2858.63843,-0.05653203
-2865.28809,-0.06244711
-2871.99023,-0.05978089
-2878.63989,-0.06240914
-2885.28955,-0.05407784
-2892.98657,-0.08291530
-2899.53149,-0.09556245
-2906.12891,-0.12470537
-2912.72632,-0.10505277
-2919.32373,-0.08880190
-2925.86865,-0.09607437
-2932.41357,-0.11169648
-2945.92236,-0.19917510
-2952.57202,-0.06009145
-2959.11694,-0.06412763
-2965.66187,-0.07756773
-2972.20679,-0.07936376
-2978.80420,-0.05296649
-2985.34912,-0.04024501
-2993.09839,-0.05599256
-2999.69580,-0.05852023
-3006.34546,-0.06608733
-3012.99512,-0.06543583
-3019.59253,-0.06897800
-3026.24219,-0.09327361
-3032.89185,-0.12437798
-3039.54150,-0.11099667
-3046.24365,-0.10055695
-3052.89331,-0.09145291
-3059.54297,-0.08632161
-3067.39697,-0.09821073
-3074.04663,-0.07674138
-3080.80103,-0.05833592
-3094.51929,-0.10760606
-3101.22144,-0.06793594
-3107.92358,-0.06754525
-3114.62573,-0.06711008
-3121.32788,-0.06538717
-3128.03003,-0.07264374
-3134.78442,-0.07981558
-3141.48657,-0.07253464
-3148.24097,-0.08354827
-3154.94312,-0.10890504
-3161.69751,-0.11916140
-3168.45190,-0.11421703
-3176.30591,-0.11457692
-3183.06030,-0.09082191
-3189.86719,-0.09916451
-3196.62158,-0.09060723
-3203.37598,-0.08440077
-3210.13037,-0.07730504
-3217.04199,-0.07835668
-3223.84888,-0.07878664
-3237.88135,-0.15708336
-3244.74048,-0.06633728
-3251.65210,-0.05199146
-3258.51123,-0.04566962
-3265.37036,-0.04948562
-3272.22949,-0.07930456
-3279.14111,-0.10277732
-3287.20459,-0.11964092
-3294.11621,-0.08431603
-3300.97534,-0.09276678
-3307.93921,-0.09903406
-3314.85083,-0.10361127
-3321.76245,-0.07490438
-3328.67407,-0.05372733
-3335.53320,-0.05010046
-3342.44482,-0.07385208
-3349.35645,-0.07906260
-3356.26807,-0.07347691
-3363.28418,-0.07465394
-3370.24805,-0.08027418
-3378.41626,-0.07985198
-3392.55347,-0.14146188
-3399.46509,-0.09990165
-3406.37671,-0.11663897
-3413.28833,-0.11008649
-3420.19995,-0.08379024
-3427.11157,-0.08617385
-3434.02319,-0.10217136
-3440.93481,-0.10704584
-3447.84644,-0.07668819
-3454.70557,-0.05198964
-3461.56470,-0.05361197
-3468.42383,-0.08131430
-3475.28296,-0.09133832
-3483.34644,-0.07750827
-3490.20557,-0.05342885
-3497.06470,-0.06175672
-3504.02856,-0.08072652
-3510.99243,-0.07159270
-3517.90405,-0.05099721
-3524.76318,-0.07063454
-3538.79565,-0.24323358
-3545.60254,-0.11367648
-3552.51416,-0.09900621
-3559.32104,-0.09400965
-3566.18018,-0.09142255
-3572.98706,-0.07680745
-3579.79395,-0.06371250
-3586.60083,-0.05018668
-3593.35522,-0.05142206
-3601.26147,-0.05937659
-3608.01587,-0.05619216
-3614.77026,-0.07961093
-3621.57715,-0.09342346
-3628.33154,-0.08255976
-3635.08594,-0.06800625
-3641.78809,-0.07790547
-3648.59497,-0.11205665
-3655.50659,-0.13633792
-3662.31348,-0.12735178
-3669.01563,-0.08826680
-3675.71777,-0.07415309
-3689.33130,-0.22094668
-3696.03345,-0.09039069
-3702.78784,-0.06382553
-3709.38525,-0.05466374
-3716.03491,-0.06982809
-3723.78418,-0.08738250
-3730.48633,-0.04875334
-3737.18848,-0.03087832
-3743.83813,-0.04568771
-3750.54028,-0.06315940
-3757.29468,-0.06532976
-3763.99683,-0.05594548
-3770.69897,-0.05839337
-3777.34863,-0.09560870
-3784.05078,-0.12381417
-3790.90991,-0.12482618
-3797.71680,-0.09096275
-3804.52368,-0.07428443
-3811.22583,-0.08831833
-3819.13208,-0.12002683
-3832.79810,-0.15694547
-3839.55249,-0.05663882
-3846.25464,-0.09203411
-3852.95679,-0.10639969
-3859.71118,-0.09155969
-3866.51807,-0.07215194
-3873.32495,-0.06725122
-3880.07935,-0.06950455
-3886.88623,-0.05979114
-3893.64062,-0.05155173
-3900.44751,-0.06015533
-3908.40625,-0.10416607
-3915.21313,-0.09957864
-3922.02002,-0.08223777
-3928.87915,-0.07956202
-3935.73828,-0.09198756
-3942.59741,-0.11180778
-3949.40430,-0.09724336
-3956.21118,-0.07080419
-3963.01807,-0.06088920
-3969.77246,-0.07280075
-3983.59546,-0.14382973
-3990.40234,-0.04921703
-3997.26147,-0.04800792
-4005.22021,-0.06882838
-4012.07935,-0.06307230
-4018.93848,-0.05728645
-4025.74536,-0.06851687
-4032.60449,-0.09816164
-4039.46362,-0.12291078
-4046.37524,-0.10977864
-4053.28687,-0.09359217
-4060.19849,-0.09588644
-4067.21460,-0.10693016
-4074.23071,-0.10659957
-4081.24683,-0.08556382
-4088.26294,-0.06462616
-4096.43115,-0.07192803
-4103.39502,-0.08215022
-4110.46338,-0.07297954
-4117.47949,-0.06405100
-4131.87842,-0.12203069
-4138.94678,-0.05891483
-4145.96289,-0.06149372
-4152.97900,-0.08733619
-4159.94287,-0.11958005
-4166.90674,-0.12599263
-4173.87061,-0.09676536
-4180.72998,-0.10357090
-4187.64160,-0.14557315
-4194.55322,-0.16035828
-4202.56445,-0.13213500
-4209.37109,-0.07650141
-4216.23047,-0.09311203
-4223.14209,-0.11722089
-4230.05371,-0.09181319
-4236.91309,-0.04019577
-4243.77246,-0.01553637
-4250.57910,-0.03919647
-4257.38574,-0.05138662
-4264.24512,-0.05447771
-4278.17285,-0.09102542
-4284.92725,-0.10702620
-4291.78662,-0.12106933
-4298.59326,-0.09468532
-4305.39990,-0.05938728
-4313.25391,-0.05808071
-4319.95605,-0.08251372
-4326.81543,-0.09521094
-4333.56982,-0.07609981
-4340.27197,-0.04211542
-4346.97412,-0.04937000
-4353.78076,-0.07552718
-4360.58740,-0.08959185
-4367.34180,-0.07446934
-4374.14844,-0.04838595
-4380.85059,-0.03540050
-4387.55273,-0.04582882
-4394.25488,-0.06724115
-4400.95703,-0.09786922
-4408.75879,-0.13434821
-4415.46094,-0.11816107
-4429.07471,-0.17256948
-4435.82910,-0.12208035
-4442.53125,-0.14862263
-4449.23340,-0.10464073
-4455.88330,-0.05276779
-4462.53320,-0.02739169
-4469.13037,-0.06048672
-4475.72754,-0.10127132
-4482.37744,-0.09805732
-4489.07959,-0.04655258
-4495.72949,-0.02310400
-4502.37939,-0.04798073
-4510.18115,-0.10907423
-4516.83105,-0.09869044
-4523.48096,-0.06196995
-4530.07812,-0.03761883
-4536.67529,-0.07329536
-4543.22021,-0.13087745
-4549.87012,-0.13879272
-4556.52002,-0.09668680
-4569.97656,-0.15230195
-4576.62646,-0.11266687
-4583.22363,-0.10464073
-4589.87354,-0.05591481
-4596.57568,-0.03477740
-4603.22559,-0.06209524
-4611.07959,-0.10763725
-4617.83398,-0.08596059
-4624.58838,-0.05545324
-4631.44775,-0.04345249
-4638.30713,-0.06985208
-4645.16650,-0.08449775
-4652.02588,-0.08432525
-4658.88525,-0.09043445
-4665.79688,-0.10385213
-4672.65625,-0.10853798
-4679.56787,-0.11263229
-4686.47949,-0.12737328
-4693.44336,-0.12710252
-4700.40723,-0.10862871
-4708.57520,-0.09188430
-4727.63428,-0.19554573
-4736.32617,-0.09838178
-4743.91846,-0.05861638
-4750.93457,-0.06403579
-4757.89844,-0.08262596
-4764.86230,-0.09983315
-4771.87842,-0.09804767
-4778.99951,-0.07868611
-4786.12061,-0.08342679
-4793.18896,-0.09500507
-4800.15283,-0.10378895
-4807.01221,-0.09719650
-4813.92383,-0.08290182
-4820.78320,-0.07015306
-4827.58984,-0.04910619
-4834.44922,-0.03717446
-4841.25586,-0.03106616
-4848.06250,-0.03523406
-4855.96875,-0.05553446
-4862.72314,-0.05055216
-4876.59863,-0.12094466
-4883.40527,-0.06931282
-4890.10742,-0.08782291
-4896.75732,-0.10200157
-4903.45947,-0.10536285
-4910.10937,-0.13175024
-4916.86377,-0.12882309
-4923.67041,-0.13678840
-4930.37256,-0.10477881
-4937.07471,-0.10164679
-4943.72461,-0.10259382
-4950.37451,-0.08557878
-4956.97168,-0.07275517
-4963.56885,-0.04723653
-4970.16602,-0.03449334
-4976.71094,-0.04545216
-4984.30322,-0.07293081
-4990.90039,-0.06397004
-4997.44531,-0.05644539
-5003.99023,-0.03838870
-5010.48291,-0.04462438
-5023.62500,-0.16209137
-5030.11768,-0.08927725
-5036.55811,-0.09522343
-5043.05078,-0.09435114
-5049.49121,-0.09822587
-5055.98389,-0.09927594
-5062.47656,-0.10569325
-5068.91699,-0.09723251
-5075.98535,-0.07525986
-5082.47803,-0.04715808
-5088.81348,-0.04431906
-5095.20117,-0.05497976
-5101.58887,-0.07014900
-5108.02930,-0.05653175
-5114.41699,-0.04626114
-5120.80469,-0.05350221
-5128.23975,-0.08874948
-5134.62744,-0.10494004
-5141.06787,-0.11678243
-5148.34570,-0.11716547
-5161.54053,-0.23027566
-5168.08545,-0.13972056
-5174.68262,-0.12043979
-5181.17529,-0.09182747
-5187.82520,-0.09549596
-5194.57959,-0.10194479
-5201.17676,-0.08269786
-5207.82666,-0.05644408
-5214.42383,-0.06021374
-5221.02100,-0.07285992
-5227.61816,-0.07041445
-5234.32031,-0.04613895
-5241.02246,-0.02394342
-5247.67236,-0.01823378
-5254.37451,-0.04290813
-5261.07666,-0.06133081
-5267.83105,-0.06934946
-5274.58545,-0.05781189
-5281.33984,-0.04935882
-5288.09424,-0.06929775
-5294.79639,-0.09347904
-5308.56689,-0.19340344
-5315.32129,-0.08066061
-5322.07568,-0.09038027
-5328.83008,-0.09721301
-5335.58447,-0.08884629
-5342.28662,-0.07226446
-5348.98877,-0.05769096
-5355.63867,-0.07113624
-5362.28857,-0.08271787
-5370.03760,-0.09636612
-5376.73975,-0.06161868
-5383.44189,-0.04279806
-5390.03906,-0.05864233
-5396.68896,-0.08900189
-5403.33887,-0.11417448
-5409.98877,-0.12068931
-5416.53369,-0.13219078
-5423.13086,-0.13581467
-5429.78076,-0.13711299
-5436.37793,-0.12132166
-5449.88672,-0.18186907
-5456.48389,-0.08783037
-5463.18604,-0.08550363
-5470.98779,-0.05730655
-5477.58496,-0.02954473
-5484.18213,-0.03418275
-5490.77930,-0.06905107
-5497.37646,-0.08293940
-5504.07861,-0.08019718
-5510.72852,-0.05593485
-5517.37842,-0.04245069
-5524.08057,-0.05179145
-5530.78271,-0.04592025
-5537.43262,-0.07743337
-5544.18701,-0.08911780
-5550.99365,-0.07644043
-5558.89990,-0.04019507
-5565.65430,-0.02207565
-5572.35645,-0.05606158
-5579.21582,-0.10156544
-5586.02246,-0.09820595
-5600.47363,-0.07293300
-5607.38525,-0.03825096
-5614.24463,-0.10261484
-5621.15625,-0.15432562
-5628.17236,-0.13995290
-5635.03174,-0.08173244
-5641.89111,-0.03502053
-5648.69775,-0.05019481
-5655.45215,-0.10330344
-5662.25879,-0.15760946
-5669.11816,-0.14850964
-5675.87256,-0.09606840
-5682.62695,-0.06242146
-5689.32910,-0.08646885
-5696.03125,-0.14093003
-5702.78564,-0.15102109
-5709.43555,-0.09573738
-5716.08545,-0.04316206
-5722.68262,-0.06010287
-5730.37939,-0.12262653
-5743.94043,-0.17864172
-5750.79980,-0.03212299
-5757.50195,-0.03846591
-5763.99463,-0.04271127
-5770.53955,-0.04654259
-5777.03223,-0.04399742
-5783.47266,-0.03968733
-5789.91309,-0.05889298
-5796.30078,-0.08150687
-5802.68848,-0.09602931
-5809.02393,-0.10813699
-5815.41162,-0.11715601
-5821.74707,-0.11267813
-5828.03027,-0.10082073
-5834.31348,-0.09634730
-5840.64893,-0.09295475
-5846.87988,-0.07720532
-5854.26270,-0.06837424
-5860.54590,-0.03999534
-5866.77686,-0.02010614
-5873.06006,-0.02566090
-5885.88818,-0.10533806
-5892.17139,-0.06579591
-5898.40234,-0.07131829
-5904.58057,-0.05802595
-5910.75879,-0.06639064
-5916.88477,-0.08657414
-5923.06299,-0.10787372
-5929.24121,-0.09709811
-5935.36719,-0.06208241
-5941.54541,-0.04872561
-5948.66650,-0.08610627
-5954.74023,-0.10138397
-5960.81396,-0.10194330
-5966.93994,-0.07464934
-5973.01367,-0.05332679
-5979.08740,-0.06408861
-5985.16113,-0.08837221
-5991.28711,-0.08723187
-5997.41309,-0.07205129
-6003.64404,-0.06376556
-6016.31494,-0.12672862
-6022.54590,-0.06212942
-6028.77686,-0.05814613
-6035.00781,-0.07064096
-6041.23877,-0.09118851
-6048.56934,-0.12674084
-6054.85254,-0.09477805
-6061.13574,-0.07586358
-6067.52344,-0.09123351
-6073.80664,-0.10011124
-6080.24707,-0.09460928
-6086.68750,-0.07401025
-6093.07520,-0.03848354
-6099.46289,-0.03879664
-6105.85059,-0.06674542
-6112.34326,-0.08924877
-6119.93555,-0.10085578
-6126.42822,-0.06353838
-6133.02539,-0.05548834
-6139.57031,-0.07522522
-6146.16748,-0.10524347
-6159.51904,-0.18374225
-6166.11621,-0.04893493
-6172.66113,-0.07427363
-6179.25830,-0.10509034
-6185.85547,-0.10575055
-6192.50537,-0.07497838
-6199.05029,-0.05044964
-6205.59521,-0.04704079
-6212.14014,-0.07625233
-6218.68506,-0.08538783
-6226.38184,-0.08653299
-6232.92676,-0.05268702
-6239.41943,-0.03977832
-6245.91211,-0.06295703
-6252.40479,-0.09592404
-6258.89746,-0.09871794
-6265.44238,-0.06188217
-6271.98730,-0.03899695
-6278.53223,-0.05540849
-6284.97266,-0.08799506
-6298.06250,-0.22347693
-6304.50293,-0.07750957
-6310.83838,-0.07610645
-6318.32568,-0.11305019
-6324.66113,-0.11619343
-6331.04883,-0.09129573
-6337.38428,-0.05069245
-6343.66748,-0.04937527
-6349.89844,-0.07700174
-6356.18164,-0.09359634
-6362.46484,-0.07469416
-6368.74805,-0.04350231
-6374.97900,-0.04274015
-6381.26221,-0.06081755
-6388.64502,-0.08667248
-6394.92822,-0.05411542
-6401.31592,-0.03898235
-6407.59912,-0.03797656
-6413.88232,-0.05434290
-6420.16553,-0.09361456
-6426.60596,-0.11848274
-6439.38184,-0.19304065
-6445.66504,-0.09990834
-6451.89600,-0.11762881
-6458.17920,-0.10366458
-6464.41016,-0.08423084
-6470.64111,-0.06249579
-6476.81934,-0.06093064
-6483.05029,-0.06503380
-6489.28125,-0.06539170
-6496.50684,-0.07071003
-6502.73779,-0.06081648
-6508.96875,-0.06189415
-6515.14697,-0.05733301
-6521.37793,-0.05630320
-6527.60889,-0.06104294
-6533.83984,-0.07580198
-6540.12305,-0.09412617
-6546.35400,-0.10357660
-6552.53223,-0.08808966
-6558.81543,-0.07398761
-6571.38184,-0.17892122
-6577.61279,-0.11385341
-6583.79102,-0.10273482
-6589.96924,-0.08087248
-6596.09521,-0.06376947
-6603.26855,-0.08164372
-6609.44678,-0.08282749
-6615.62500,-0.08873810
-6621.80322,-0.08390588
-6627.98145,-0.06862403
-6634.21240,-0.05479603
-6640.44336,-0.04648643
-6646.62158,-0.05805684
-6652.90479,-0.06914248
-6659.13574,-0.04786140
-6665.41895,-0.04632274
-6671.70215,-0.07478547
-6678.03760,-0.10166228
-6685.42041,-0.10684992
-6691.70361,-0.07137059
-6697.93457,-0.06448755
-6710.76270,-0.21281052
-6717.04590,-0.08311962
-6723.38135,-0.05367889
-6729.61230,-0.05185008
-6735.84326,-0.08223777
-6742.17871,-0.08977553
-6748.46191,-0.06684027
-6754.79736,-0.04195145
-6761.08057,-0.04720067
-6768.41113,-0.07730201
-6774.79883,-0.07533155
-6781.08203,-0.06276064
-6787.41748,-0.04261589
-6793.75293,-0.04876379
-6800.03613,-0.08826371
-6806.31934,-0.10263865
-6812.60254,-0.08891167
-6818.83350,-0.07803767
-6825.06445,-0.07755324
-6831.29541,-0.07873515
-6843.91406,-0.14565004
-6850.04004,-0.05218823
-6856.21826,-0.05404183
-6862.34424,-0.05370687
-6868.52246,-0.04293666
-6875.69580,-0.04993134
-6882.24072,-0.05946269
-6888.52393,-0.06148663
-6894.70215,-0.05564490
-6900.98535,-0.05379412
-6907.16357,-0.05661068
-6913.44678,-0.06306527
-6919.67773,-0.09799669
-6925.96094,-0.12132176
-6932.19189,-0.10907629
-6938.31787,-0.08603579
-6944.60107,-0.08443621
-6950.77930,-0.10936774
-6956.95752,-0.11032856
-6963.18848,-0.08437789
-6969.31445,-0.05794125
-6981.88086,-0.12751257
-6988.05908,-0.09137251
-6994.18506,-0.08313108
-7000.36328,-0.06978223
-7006.48926,-0.06842367
-7012.61523,-0.07205950
-7018.74121,-0.06799010
-7024.91943,-0.05927290
-7032.14502,-0.04643175
-7038.27100,-0.04650576
-7044.34473,-0.05409515
-7050.57568,-0.08109141
-7056.80664,-0.07958739
-7062.93262,-0.04876702
-7069.00635,-0.05123616
-7075.02783,-0.08026262
-7081.04932,-0.10812733
-7087.17529,-0.10204731
-7093.14453,-0.08417614
-7099.11377,-0.05667618
-7111.15674,-0.14077735
-7117.07324,-0.08647194
-7122.98975,-0.06428657
-7128.85400,-0.04282669
-7134.71826,-0.04760438
-7140.58252,-0.05742614
-7147.44189,-0.07719096
-7153.25391,-0.06121869
-7159.06592,-0.05192641
-7164.87793,-0.05561459
-7170.68994,-0.08122501
-7176.55420,-0.09520963
-7182.36621,-0.09958664
-7188.17822,-0.06741880
-7193.88525,-0.07570863
-7199.69727,-0.07772561
-7205.40430,-0.08474428
-7211.16406,-0.07296678
-7216.87109,-0.06103054
-7222.52588,-0.06129371
-7229.17578,-0.07000215
-7240.59033,-0.12051011
-7246.19287,-0.04272554
-7251.84766,-0.06121807
-7257.45020,-0.06589139
-7263.05273,-0.06376748
-7268.60303,-0.05780514
-7274.15332,-0.06434696
-7279.70361,-0.07517434
-7285.20117,-0.07657777
-7290.75146,-0.08344464
-7296.24902,-0.09263157
-7302.68945,-0.11273771
-7308.13477,-0.08420996
-7313.58008,-0.08355004
-7318.97314,-0.10453191
-7324.36621,-0.10584134
-7329.75928,-0.08925790
-7335.10010,-0.06753153
-7340.44092,-0.07352171
-7345.78174,-0.07445405
-7356.62012,-0.15181020
-7361.96094,-0.05983076
-7368.19189,-0.05007298
-7373.58496,-0.03899995
-7378.92578,-0.04940288
-7384.31885,-0.05787797
-7389.65967,-0.04213591
-7395.05273,-0.03785090
-7400.49805,-0.05163163
-7405.94336,-0.06176241
-7411.38867,-0.06766520
-7416.72949,-0.05080084
-7422.07031,-0.07334787
-7427.51563,-0.09319798
-7432.85645,-0.08839339
-7439.13965,-0.08940470
-7444.48047,-0.07813635
-7449.76904,-0.08338436
-7455.05762,-0.07974009
-7460.34619,-0.06662033
-7465.58203,-0.06695794
-7476.21094,-0.13840723
-7481.34229,-0.04271995
-7486.42139,-0.03515885
-7491.50049,-0.03499818
-7496.52686,-0.05210340
-7501.60596,-0.03445654
-7507.47021,-0.03318898
-7512.49658,-0.01931563
-7517.47070,-0.02073496
-7522.44482,-0.02892089
-7527.41895,-0.02581838
-7532.39307,-0.03795395
-7537.26270,-0.03239214
-7542.13232,-0.04642076
-7547.05420,-0.05796748
-7551.92383,-0.06394552
-7556.79346,-0.05236545
-7561.66309,-0.04633607
-7566.47998,-0.05855538
-7572.13477,-0.07244271
-7582.03076,-0.09045178
-7586.84766,-0.03681311
-7591.61230,-0.05793454
-7596.37695,-0.05931496
-7601.19385,-0.03079690
-7605.90625,-0.00180715
-7610.61865,-0.02084524
-7615.33105,-0.05321334
-7620.04346,-0.05385366
-7624.70361,-0.03953975
-7629.31152,-0.01815121
-7633.97168,-0.03148231
-7638.57959,-0.02677832
-7643.13477,-0.01962879
-7648.37061,-0.03749125
-7652.97852,-0.04676428
-7657.48145,-0.03813611
-7661.93213,-0.01082968
-7666.33057,-0.03882435
-7670.67627,-0.06068070
-7679.57764,-0.12583463
-7683.87109,-0.03732467
-7688.11230,-0.05954034
-7692.35352,-0.07212635
-7696.64697,-0.07189083
-7700.83594,-0.04420152
-7705.07715,-0.02181337
-7709.26611,-0.02255663
-7713.45508,-0.03148721
-7718.27197,-0.02629656
-7722.40820,0.00155487
-7726.49219,0.01034084
-7730.52393,-0.00078934
-7734.55566,-0.01628543
-7738.58740,-0.02682678
-7742.56689,-0.01779490
-7746.49365,-0.03600910
-7750.42041,-0.05400550
-7754.29492,-0.07228456
-7758.11719,-0.09682438
-7762.56787,-0.13279283
-7778.22363,-0.66005391
-7781.94141,-0.19571465
-7785.55420,-0.22794729
-7789.16699,-0.27527326
-7792.72754,-0.31243888
-7796.18311,-0.30354896
-7799.69141,-0.31152198
-7803.09473,-0.31889051
-7806.44580,-0.35035318
-7809.95410,-0.31406111
-7813.30518,-0.25869328
-7816.65625,-0.22945754
-7820.00732,-0.21340874
-7823.25342,-0.24172705
-7826.55225,-0.23755491
-7829.79834,-0.22412208
-7833.04443,-0.19158496
-7836.23828,-0.17904107
-7839.43213,-0.18046431
-7842.57373,-0.15689920
-7846.23877,-0.15735687
-7852.67920,-0.19971819
-7855.87305,-0.06401915
-7859.01465,-0.03159677
-7862.10400,-0.01309683
-7865.14111,-0.02314467
-7868.17822,-0.05064382
-7871.26758,-0.03992634
-7874.35693,0.01333012
-7877.49854,0.07142270
-7880.58789,0.10169354
-7883.62500,0.11996162
-7886.71436,0.12427756
-7889.80371,0.13658750
-7892.84082,0.15908729
-7896.50586,0.22499619
-7899.59521,0.21415742
-7902.63232,0.22759077
-7905.72168,0.20631070
-7908.65381,0.15321289
-7911.58594,0.10495630
-7914.51807,0.05981759
-7920.64404,0.12960118
-7923.62842,0.08199474
-7926.50830,0.05747271
-7929.33594,0.01254922
-7932.21582,-0.02291698
-7935.09570,-0.03116618
-7938.02783,-0.00702463
-7940.95996,0.01973102
-7944.31104,0.03384425
-7947.19092,0.01872252
-7949.96582,-0.00180165
-7952.79346,-0.01093138
-7955.62109,-0.01406679
-7958.39600,0.00874195
-7961.22363,0.02756531
-7963.94629,0.02137442
-7966.66895,0.00540934
-7969.33936,-0.01256634
-7972.48096,-0.00907798
-7975.15137,-0.01080989
-7980.43994,0.00172219
-7983.05811,-0.00243395
-7985.57129,-0.02939779
-7988.08447,-0.04051878
-7990.64990,-0.04520974
-7993.16309,-0.03616763
-7995.67627,-0.01966000
-7998.13721,-0.00783989
-8000.59814,-0.00896524
-8003.05908,-0.01620824
-8005.93896,-0.02588794
-8008.39990,-0.02022279
-8010.86084,-0.01038856
-8013.32178,0.00048755
-8015.78271,0.00892954
-8018.29590,0.02479576
-8020.75684,0.02024747
-8023.21777,0.00705318
-8025.67871,-0.00293542
-8028.13965,0.00887001
-8030.65283,0.02807481
-8035.62695,0.04857733
-8038.03564,0.00416462
-8040.44434,0.00190496
-8042.90527,0.00799289
-8045.31396,0.01669260
-8048.14160,0.02967947
-8050.49756,0.01995203
-8052.85352,0.01223371
-8055.20947,-0.00131450
-8057.56543,-0.00508157
-8059.86914,-0.00063769
-8062.17285,0.00367612
-8064.47656,0.00660470
-8066.72803,-0.00443086
-8069.03174,-0.01123418
-8071.28320,-0.01099085
-8073.95361,0.00175328
-8076.20508,0.01131163
-8078.45654,0.01193679
-8080.70801,0.00249792
-8082.95947,-0.00640550
-8087.51465,0.01627743
-8089.76611,0.03003206
-8091.96533,0.02340334
-8094.11230,0.00236322
-8096.31152,-0.00457640
-8098.45850,0.00765389
-8100.65771,0.02565569
-8102.80469,0.03319763
-8104.89893,0.03045930
-8107.35986,0.01845972
-8109.50684,0.00225389
-8111.60107,0.00965221
-8113.80029,0.04231292
-8115.94727,0.08282528
-8118.09424,0.11065877
-8120.18848,0.10810535
-8122.28271,0.07754924
-8124.42969,0.04428137
-8126.52393,0.03597771
-8128.67090,0.07562309
-8131.13184,0.11336508
-8133.17383,0.09316105
-8137.20557,0.06039106
-8139.24756,-0.00277528
-8141.34180,0.02356678
-8143.38379,0.06127863
-8145.32129,0.07192004
-8147.25879,0.04424400
-8149.14355,0.00356794
-8151.02832,-0.01407252
-8152.96582,-0.00476977
-8154.90332,0.02243185
-8156.84082,0.04227540
-8158.98779,0.04187420
-8160.76807,0.00836676
-8162.54834,-0.01560504
-8164.32861,-0.03024481
-8166.10889,-0.02735962
-8167.83691,-0.00851510
-8169.51221,-0.00127591
-8171.13525,-0.02284759
-8172.75830,-0.04925337
-8174.38135,-0.05910157
-8177.62744,-0.08720061
-8179.19824,-0.00984200
-8180.71680,-0.00738976
-8182.39209,-0.03546631
-8183.85840,-0.04951788
-8185.32471,-0.05106347
-8186.79102,-0.03109796
-8188.25732,-0.01042818
-8189.61865,-0.00438973
-8190.97998,-0.01395426
-8192.34180,-0.02945847
-8193.65039,-0.04005538
-8194.95898,-0.03589745
-8196.32031,-0.02334238
-8197.62891,-0.00528473
-8199.14746,0.00004385
-8200.40430,-0.00346861
-8201.60840,-0.01585803
-8202.81250,-0.02619365
-8204.01660,-0.02775481
-8206.47754,-0.01743741
-8207.62988,0.00428240
-8208.78223,-0.00311345
-8209.88184,-0.01095334
-8211.03418,-0.01463542
-8212.08105,-0.01540160
-8213.18066,-0.01432646
-8214.43750,-0.01424790
-8215.48437,-0.00480244
-8216.47949,-0.00213902
-8217.47461,-0.00977099
-8218.46973,-0.00802008
-8219.46484,-0.00758626
-8220.40723,-0.01275520
-8221.29688,-0.01523233
-8222.23926,-0.01387163
-8223.18164,-0.00461673
-8224.01953,0.00094828
-8224.90918,-0.00345948
-8225.69434,-0.01264650
-8226.53223,-0.02129929
-8228.15527,-0.02487593
-8228.94043,0.00821501
-8229.77832,0.00575900
-8230.51172,-0.00830690
-8231.19238,-0.01908296
-8231.92578,-0.02052294
-8232.60645,-0.00645197
-8233.28711,0.01144565
-8233.91504,0.01449710
-8234.54297,-0.00150107
-8235.11914,-0.02153734
-8235.74707,-0.02357413
-8236.37500,-0.00756895
-8236.95117,0.01648428
-8237.52734,0.01841908
-8237.99902,-0.00490626
-8238.52246,-0.02007679
-8238.99414,-0.01577405
-8239.51758,-0.00113313
-8239.98926,0.00870089
-8240.98438,0.00801673
-8241.50781,-0.00759119
-8241.97949,-0.01224366
-8242.45117,-0.00037511
-8242.87012,0.01421684
-8243.28906,0.01309416
-8243.70801,-0.00386260
-8244.07422,-0.01374595
-8244.38867,-0.00547890
-8244.70312,0.00345383
-8244.91211,0.00556131
-8245.12109,0.00489336
-8245.33008,0.00030046
-8245.43457,-0.00686320
-8245.59180,-0.01043030
-8245.69629,-0.00661527
-8245.80078,0.00322927
-8245.90527,0.00833771
-8246.00977,0.00666363
-8246.11426,-0.00270082
-8246.16699,-0.00915279
-8246.37598,-0.00899953
-8246.42871,0.00480831
-8246.48145,0.00420128
-8246.53418,0.00176304
-8246.58691,0.00041271
-8246.63965,0.00214076
-8246.69238,0.00468798
-8246.69238,0.00502858
-8246.74512,0.00288580
-8246.74512,-0.00113863
-8246.74512,-0.00257154
-8246.74512,-0.00048765
-8246.74512,0.00243626
-8246.69238,0.00192360
-8246.69238,-0.00026279
-8246.69238,-0.00138792
-8246.69238,-0.00026226
-8246.69238,0.00003747
-8246.69238,0.00029966
-8246.69238,0.00035047
-8246.69238,-0.00018824
-8246.69238,-0.00113840
-8246.69238,0.00067424
-8246.69238,-0.00003747
-8246.69238,-0.00045014
-8246.69238,-0.00048705
-8246.69238,0.00086189
-8246.69238,0.00132973
-8246.69238,0.00041598
-8246.69238,-0.00188130
-8246.69238,-0.00162037
-8246.69238,0.00071185
-8246.69238,0.00143530
-8246.69238,0.00041237
-8246.69238,-0.00176304
-8246.74512,-0.00056198
-8246.74512,0.00063769
-8246.74512,0.00086171
-8246.74512,0.00048715
-8246.74512,-0.00030137
-8246.74512,-0.00004379
-8246.74512,-0.00018729
-8246.74512,0.00007666
-8246.74512,0.00041254
-8246.74512,-0.00044959
-8246.74512,-0.00041212
-8246.74512,0.00018737
-8246.74512,0.00018973
-8246.69238,0.00003842
-8246.69238,-0.00003768
-8246.69238,-0.00029966
-8246.69238,0.00059969
-8246.69238,0.00064483
-8246.69238,-0.00011260
-8246.69238,-0.00113864
-8246.69238,-0.00041212
-8246.69238,0.00007493
-8246.69238,0.00022484
-8246.69238,-0.00011295
-8246.69238,-0.00044959
-8246.69238,-0.00101157
-8246.69238,-0.00011240
-8246.69238,0.00089936
-8246.69238,-0.00138152
-8246.69238,0.00083223
-8246.69238,0.00003806
-8246.69238,-0.00015169
-8246.69238,0.00018790
-8246.69238,0.00014983
-8246.69238,0.00018733
-8246.69238,0.00003747
-8246.69238,0.00083063
-8246.69238,0.00008762
-8246.69238,-0.00041204
-8246.69238,-0.00093664
-8246.69238,-0.00007495
-8246.69238,0.00015084
-8246.69238,0.00044959
-8246.69238,-0.00011240
-8246.69238,-0.00059933
-8246.69238,-0.00026237
-8246.69238,0.00017536
-8246.69238,-0.00026226
-8246.69238,0.00026221
-8246.69238,-0.00019141
-8246.69238,-0.00034145

