-0.41888,-0.00083147
-0.47124,-0.00022840
-0.47124,-0.00007507
-0.47124,0.00014956
-0.52360,-0.00056153
-0.52360,0.00033678
-0.57596,0.00007476
-0.62832,0.00071591
-0.68068,0.00011253
-0.73304,0.00034118
-0.78540,0.00000010
-0.89012,-0.00030602
-0.99484,-0.00014968
-1.15192,-0.00175981
-1.30900,-0.00228634
-1.46608,0.00074840
-1.67552,0.00202108
-1.83260,0.00991626
-1.98968,0.01696157
-2.14676,0.00381145
-2.35619,-0.01020023
-2.51327,-0.00829003
-2.67035,0.00089844
-2.82743,-0.00194821
-3.14159,-0.00521187
-3.29867,0.01108305
-3.45575,0.00423377
-3.56047,-0.00427195
-3.66519,-0.00199782
-3.82227,0.00299420
-3.97935,0.00074855
-4.13643,-0.00325619
-4.29351,-0.00303286
-4.50295,0.00292292
-4.71239,0.00280037
-4.92183,-0.00134739
-5.18363,-0.00980600
-5.44543,-0.00808598
-5.70723,0.00357809
-5.96903,0.00910351
-6.23082,-0.00543243
-6.54498,-0.01422263
-6.85914,0.00336916
-7.17330,0.01918632
-7.48746,0.01343535
-7.80162,-0.00486557
-8.11578,-0.00823741
-8.37758,0.00350915
-9.05826,-0.00949536
-9.42478,-0.00437901
-9.73894,0.00849604
-10.10546,0.00374427
-10.41962,0.00577441
-10.78613,0.00460734
-11.10029,-0.00944327
-11.51917,-0.01519383
-11.88569,0.00591957
-12.19985,0.01564227
-12.51401,0.00178277
-12.88053,-0.01512061
-13.24705,-0.00822504
-13.61357,0.01217634
-13.92773,0.01034895
-14.24189,-0.00756652
-14.60841,-0.01356257
-15.07964,0.00240866
-15.44616,0.01585740
-15.81268,0.00161398
-16.23156,-0.01412167
-16.65044,-0.00228540
-17.01696,0.00423189
-17.80236,0.00435771
-18.22124,-0.00748301
-18.64012,0.00259092
-19.05899,0.01130802
-19.47787,-0.00778711
-19.89675,-0.02029685
-20.31563,-0.01234256
-20.73451,0.01687991
-21.15339,0.02630547
-21.57227,0.00624464
-21.99114,-0.01287591
-22.46238,-0.00498192
-22.82890,0.01517050
-23.24778,0.01277058
-23.61430,-0.01199145
-24.13790,-0.02259028
-24.55678,-0.00161463
-25.02802,0.01483337
-25.49926,-0.00506405
-26.02286,-0.01253647
-26.54646,0.00067507
-27.12242,0.01235863
-27.64602,0.01224118
-28.85029,-0.01803415
-29.42625,0.00402767
-29.94985,0.01140812
-30.47345,-0.00312351
-31.04941,-0.02342494
-31.62537,-0.00649147
-32.14896,0.02902617
-32.72492,0.01750449
-33.30088,-0.01820652
-33.92920,-0.03116567
-34.55752,0.00082424
-35.23820,0.02658334
-35.86652,0.01235634
-36.65191,-0.01747072
-37.38495,-0.02629553
-38.06563,0.00558352
-38.74631,0.02652059
-39.37463,0.00146146
-40.10767,-0.02637044
-40.84071,-0.01816714
-41.57375,0.01221380
-42.30679,0.01823970
-43.03983,0.00119866
-44.61063,-0.02078944
-45.34367,0.00953176
-46.07671,0.00421154
-46.96682,-0.01677014
-47.75222,-0.01409856
-48.48526,0.01427175
-49.21830,0.01045505
-50.05606,-0.01797536
-50.84145,-0.00573575
-51.62685,0.01527976
-52.41225,0.00221002
-53.19764,-0.02806177
-54.19248,-0.02906572
-54.97788,0.01370963
-55.76328,0.02843064
-56.54867,-0.00475717
-57.38643,-0.03649154
-58.22419,-0.00794874
-59.06194,0.02700723
-59.84734,0.01978186
-60.68510,-0.01327266
-61.57521,-0.02676881
-63.30309,0.00469607
-64.24557,0.00021011
-64.97861,0.00145183
-65.76401,-0.02976213
-66.54941,-0.05989511
-67.49188,-0.02079027
-68.43436,0.03195325
-69.37683,0.07647136
-70.21459,0.05768794
-71.05235,-0.01219575
-71.99483,-0.04817100
-72.93730,-0.02505430
-73.82742,0.03817889
-74.82226,0.04371392
-75.76473,-0.01522270
-76.65485,-0.03117777
-77.59733,-0.00041221
-78.53980,0.02638260
-79.42992,0.01570347
-80.37240,-0.01308852
-81.36723,-0.01737698
-82.36207,0.00644147
-83.35690,0.01996512
-85.45130,0.00879377
-86.49850,-0.01187011
-87.59805,0.00685901
-88.64525,0.02448002
-89.84953,0.02579460
-90.84436,-0.00240024
-91.89156,-0.01838814
-92.93875,-0.00322073
-94.03831,0.04254363
-95.03314,0.03607942
-96.08034,-0.01236889
-97.12753,-0.03310614
-98.22709,-0.00232240
-99.53609,0.03210092
-100.63564,0.01713460
-101.73520,-0.00257258
-102.83475,-0.00172869
-103.98667,0.00269863
-105.13859,0.01135672
-106.29050,0.02388993
-107.44242,0.02668149
-108.54198,0.00298511
-109.64153,-0.01466996
-111.99773,0.01331182
-113.14964,0.01077893
-114.51100,0.00346092
-115.76764,0.00037565
-116.97192,-0.00127435
-118.22855,0.01406107
-119.38047,0.01986650
-120.58475,0.00577206
-121.78902,-0.01371801
-123.04566,-0.00830521
-124.30230,0.00831531
-125.55894,0.02207834
-126.76321,0.00905866
-128.28165,-0.01471988
-129.59064,-0.00716031
-130.89963,0.01754280
-132.15627,0.02939538
-133.46526,0.00885627
-134.72189,-0.01096226
-136.03088,-0.01614962
-137.39224,-0.00716031
-138.75360,0.02297569
-141.42395,0.02579765
-142.78531,-0.02692378
-144.19902,-0.01023854
-145.56038,0.02096191
-147.18353,0.02098459
-148.59724,-0.01154412
-150.01096,-0.01188871
-151.42467,0.01106813
-152.89075,0.01294498
-154.30446,-0.00276118
-155.71817,-0.01300537
-157.18425,-0.00832076
-158.65033,0.00011249
-160.11641,0.00903939
-161.58249,0.00011258
-163.36273,-0.01275571
-164.88116,-0.01418221
-166.39960,0.00573808
-167.91803,0.00281508
-169.48883,-0.01935985
-171.05963,-0.00862237
-174.25359,0.00549677
-175.87674,-0.01202460
-177.49989,-0.00616189
-179.12305,-0.00168698
-180.74620,-0.00817084
-182.36935,-0.01088717
-184.35902,-0.01659992
-186.03455,-0.00741359
-187.65770,-0.00301191
-189.28085,-0.01124427
-190.95638,-0.01668580
-192.57953,-0.01981133
-194.15033,-0.06087934
-195.82585,-0.10438234
-197.60609,-0.05766635
-199.33397,0.01406107
-201.16656,0.07279391
-202.94681,0.11513922
-205.04120,0.09506588
-206.71672,-0.00461015
-208.39224,-0.08266225
-210.17249,-0.09690648
-213.78532,0.01972031
-215.51320,0.06129378
-217.18872,0.00142485
-218.91660,-0.05860122
-220.74919,-0.04471954
-222.52943,0.01821191
-224.25731,0.04619539
-225.93283,0.01473142
-227.92250,-0.04724002
-229.70274,-0.04285551
-231.43062,0.00990600
-233.15849,0.04849244
-234.83401,0.00877411
-236.61426,-0.03689627
-238.39450,-0.02103108
-240.12238,0.01708855
-241.85025,0.02290084
-243.57812,-0.00442365
-245.62016,-0.03262534
-247.40041,-0.00566538
-249.12828,0.02758595
-250.85616,0.03119048
-254.36427,-0.04189283
-256.14450,-0.00003798
-257.92474,0.03389069
-259.65262,0.03310677
-261.38049,-0.00277980
-263.10837,-0.02233294
-264.88861,-0.01090917
-266.93063,0.01857221
-268.65851,0.03549305
-270.33401,0.01342363
-272.06189,-0.00273945
-273.78976,-0.01072172
-275.51764,0.00521515
-277.24551,0.02095269
-278.92102,0.01848568
-280.64890,0.00286015
-282.37677,0.00003748
-284.10464,0.00629679
-286.09433,-0.00394351
-287.82220,-0.00720806
-289.55008,0.00454073
-291.22559,0.02451751
-294.73370,-0.00653424
-296.46158,-0.00450474
-298.18945,0.01305621
-299.86496,0.01207131
-301.54047,0.01162382
-303.21597,-0.00457029
-304.94385,-0.01053099
-306.61935,-0.00461673
-308.29486,0.00682153
-310.23218,0.01209133
-311.90768,-0.00588570
-313.63556,-0.01256378
-315.31107,-0.00768348
-316.98657,0.00348644
-318.66208,0.00505992
-320.38995,-0.00292351
-322.06546,-0.00843664
-323.74097,-0.00641707
-325.73065,0.00061354
-327.40616,-0.00432852
-329.08167,-0.00876287
-332.48505,-0.01632562
-334.10822,0.00217699
-335.73138,-0.00896159
-337.35455,-0.01499359
-338.97772,-0.00829509
-340.60089,-0.00484193
-342.17169,-0.00007495
-343.74249,0.00090156
-345.26093,-0.00944519
-346.77936,-0.01619835
-348.35016,-0.01476547
-350.13040,-0.00017536
-351.59647,0.00831907
-353.06253,-0.00479756
-354.63333,-0.02726102
-356.20413,-0.02957707
-357.72256,0.00210321
-359.29337,0.02219322
-360.81180,0.00838282
-362.33023,-0.02218950
-363.79630,-0.03055228
-365.36710,-0.01098191
-368.40396,0.02192466
-369.87003,-0.02455796
-371.70261,-0.04455927
-373.22104,0.00764766
-374.73947,0.04378663
-376.25790,0.03142264
-377.72397,-0.00539945
-379.24240,-0.03412370
-380.70847,-0.02676682
-382.27927,-0.01195641
-383.79770,0.01806948
-385.31613,0.03850858
-387.09637,0.02386125
-388.61481,0.00911714
-390.13324,0.00150046
-391.65167,-0.00466837
-393.22247,0.00704812
-394.74091,0.03292939
-396.25934,0.01795701
-397.77777,-0.01815924
-399.34857,-0.01990642
-400.97174,0.02624553
-405.52704,0.05255425
-407.35962,-0.02895785
-408.87805,0.01338886
-410.44885,0.02103718
-411.96729,0.00191153
-413.59045,0.00277980
-415.10889,0.01398038
-416.88913,0.02217516
-418.40756,0.00349069
-419.97836,-0.02098504
-421.54916,-0.00865986
-423.11996,0.01848562
-424.63840,0.02409607
-426.20920,-0.00034076
-427.72763,-0.02078182
-429.29843,-0.00925779
-430.86923,0.00672002
-432.44003,0.00322467
-434.27261,-0.00345105
-435.79105,-0.00033774
-437.36185,-0.00457267
-438.88028,-0.01098414
-442.07422,-0.00396039
-443.59265,-0.00011290
-445.21582,-0.00903842
-446.78662,-0.00176160
-448.35742,0.01241376
-449.92822,0.01313702
-451.44666,-0.00749771
-453.01746,-0.01638250
-454.90240,-0.01253379
-456.47321,0.00710029
-458.04401,0.01552679
-459.66718,0.00206817
-461.23798,-0.00999023
-462.80878,-0.00262420
-464.37958,0.00221182
-466.00275,-0.00249490
-467.57355,0.00007502
-469.14435,0.00888298
-470.71515,-0.00063718
-472.54773,-0.00333182
-474.17090,0.00690632
-477.36484,0.04244445
-478.93564,-0.01537965
-480.50644,-0.01746412
-482.07724,0.01062344
-483.64804,0.02196382
-485.21884,0.00326748
-486.84201,-0.00999023
-488.46518,0.00524947
-490.08835,0.01776256
-491.65915,0.01554270
-493.22995,-0.00278150
-495.16727,-0.01752672
-496.79044,0.00731324
-498.41360,0.02066424
-500.03677,0.01412727
-501.65994,-0.00015011
-503.28311,-0.00926156
-504.90628,-0.00097490
-506.58179,0.01322284
-508.20496,0.02466260
-509.88046,0.00697429
-511.55597,-0.01008237
-514.95935,0.02069752
-516.84430,0.02897320
-518.57220,-0.01613649
-520.30011,-0.01934803
-522.02802,0.01931840
-523.75592,0.03418626
-525.43146,-0.00279901
-527.21167,-0.01894040
-528.93958,0.00427630
-530.66748,0.02650440
-532.39539,0.00805522
-534.17560,-0.01887820
-536.16528,-0.01584542
-537.94550,0.00802092
-539.67340,0.00412458
-541.40131,-0.00168870
-543.18152,-0.00865986
-544.90942,-0.00393710
-546.63733,-0.00869557
-548.36523,-0.00874195
-550.09314,-0.00011276
-552.13519,-0.00561246
-555.64331,-0.02503989
-557.37122,-0.01631416
-559.09912,-0.00986200
-560.82703,-0.00626244
-562.55493,-0.01316025
-564.33514,-0.00563817
-566.01068,-0.00693679
-567.73859,-0.00849829
-569.51880,-0.00593604
-571.24670,0.00202562
-572.97461,-0.01079450
-574.70251,-0.01739823
-576.48273,-0.01144798
-578.52478,-0.00474046
-580.25269,-0.00640924
-581.98059,-0.00873305
-583.70850,-0.01794142
-585.48871,-0.02139458
-587.21661,0.00326217
-588.94452,0.01484244
-590.67242,-0.00161201
-594.23291,-0.01486692
-596.01312,0.00606142
-597.74103,0.00571034
-599.46893,-0.00334871
-601.19684,-0.00022498
-603.29126,-0.01661180
-605.07147,0.00083096
-606.79938,0.01864699
-608.52728,0.00341076
-610.35986,-0.01383511
-612.14008,0.00086347
-613.92029,0.02357637
-615.70050,0.02065198
-617.42841,-0.00592199
-619.26099,-0.02231354
-621.35541,-0.00961427
-623.18799,0.00925779
-624.96820,0.01819305
-626.80078,0.01373757
-628.58099,0.00183694
-630.41357,-0.00619695
-632.24615,-0.00330437
-635.96368,0.02707791
-637.79626,0.00079447
-639.62885,-0.00037725
-641.46143,0.00529665
-643.29401,0.00710669
-645.12659,0.00802908
-647.32568,0.00716951
-649.36774,0.01089426
-651.25269,0.00906398
-653.13763,0.00491700
-654.91785,0.01686298
-656.80280,0.02202818
-658.68774,-0.00203386
-660.52032,-0.01002371
-662.40527,0.00461015
-664.23785,0.01011985
-666.07043,0.00135014
-667.95538,-0.00090302
-669.78796,0.00768828
-671.67291,0.00320354
-673.55786,-0.00170107
-675.44281,0.00120305
-679.26508,0.01577405
-681.20239,0.00439915
-683.03497,-0.00964044
-684.97229,-0.01447647
-686.90961,0.00532988
-689.10870,0.03237060
-690.94128,0.02192633
-692.87860,-0.01165894
-694.76355,-0.02483039
-696.70087,-0.00180165
-698.58582,0.00920153
-700.47076,0.00063731
-702.35571,-0.01948611
-704.24066,-0.02343096
-706.23035,-0.00739566
-708.11530,0.02321508
-710.00024,0.02687689
-711.88519,0.01327447
-713.77014,-0.00578714
-715.96924,-0.01465244
-717.85419,-0.00371061
-719.73914,0.01097130
-723.45667,0.02046524
-725.34161,-0.02758542
-727.22656,-0.00794757
-729.05914,0.01754464
-730.89172,0.00082475
-732.77667,-0.01661081
-734.60925,-0.01069729
-736.49420,-0.00779762
-738.37915,-0.00119963
-740.57825,0.00854427
-742.46320,0.00987154
-744.34814,0.01139604
-746.12836,0.00648552
-748.01331,-0.02598486
-749.89825,-0.02106882
-751.78320,0.00609219
-753.61578,0.00654692
-755.44836,-0.01870679
-757.33331,-0.02517531
-759.21826,0.00128473
-761.31268,0.02470226
-763.19763,-0.00330332
-767.07227,-0.04292988
-768.90485,0.01500362
-770.73743,0.01572050
-772.57001,-0.00475241
-774.45496,-0.02034451
-776.33990,0.00293602
-778.22485,0.01095580
-780.10980,0.01607777
-781.89001,0.01412118
-783.67023,-0.01458602
-785.50281,-0.03414511
-787.33539,-0.03615368
-789.22034,-0.01008238
-791.10529,0.03955176
-792.83319,0.04690097
-794.56110,-0.01158160
-796.65552,-0.06230669
-798.43573,-0.03344633
-800.26831,-0.00298029
-802.10089,0.02868791
-803.88110,0.04333226
-805.55664,0.00918282
-809.22180,-0.06316368
-811.00201,0.00521727
-812.72992,0.01316384
-814.45782,-0.01165894
-816.29041,-0.02778467
-818.07062,-0.00957126
-819.79852,0.01015733
-821.84058,0.00591939
-823.62079,-0.01484849
-825.34869,-0.02155899
-827.12891,-0.01272696
-828.90912,-0.00447204
-830.63702,-0.00285435
-832.36493,-0.01278359
-834.14514,-0.01277176
-835.92535,0.00639771
-837.65326,0.00918073
-839.38116,-0.01146916
-841.42322,-0.02035224
-843.20343,-0.00683125
-844.98364,0.00986800
-848.49176,0.02253506
-850.21967,-0.01484244
-851.99988,-0.00924284
-853.78009,0.00232713
-855.50800,0.01107038
-857.28821,0.00705260
-859.06842,-0.00097927
-860.84863,-0.00505620
-862.68121,0.00921871
-864.46143,0.01481920
-866.24164,0.00172869
-868.28369,-0.01152783
-870.11627,-0.01388006
-871.94885,0.00011272
-873.78143,0.01705382
-875.56165,0.02064809
-877.39423,0.00468511
-879.22681,-0.01099533
-881.11176,-0.00334124
-882.99670,0.00867573
-884.88165,0.02207626
-887.08075,0.01178466
-891.06012,-0.02052000
-893.04980,0.01300729
-895.03949,0.02334162
-897.02917,0.00318588
-899.07123,-0.01212360
-901.16565,-0.00140995
-903.26007,0.01097318
-905.35449,0.01097341
-907.44891,0.01469252
-909.49097,0.00179945
-911.58539,-0.02211389
-914.09863,-0.02464220
-916.24536,0.00626059
-918.33978,0.02965344
-920.38184,0.01646082
-922.52856,-0.01429206
-924.67529,-0.02009386
-926.76971,0.00026237
-928.91644,0.01530779
-931.01086,0.00202479
-933.15759,-0.01369447
-935.67084,-0.01582062
-940.12140,-0.00099763
-942.32050,-0.00274447
-944.57196,-0.01359298
-946.82343,-0.00716902
-949.02252,0.00244817
-951.22162,0.00277698
-953.42072,-0.01383609
-955.67218,-0.00822778
-957.87128,-0.00086294
-960.12274,-0.00529342
-962.37421,-0.00263008
-964.62567,-0.00127721
-966.87714,-0.00060116
-969.54749,-0.00381140
-971.79895,-0.00224931
-974.05042,0.00464763
-976.35425,0.00453704
-978.65808,0.00345527
-980.96191,0.00022530
-983.26575,-0.00041229
-985.56958,-0.00194901
-987.92578,0.00214250
-992.69055,0.01959456
-995.04675,0.00064691
-997.40295,-0.00699752
-999.75916,-0.00255649
-1002.53424,0.00937331
-1004.99518,0.01072550
-1007.29901,0.00545687
-1009.70758,-0.02546760
-1012.22083,-0.02052294
-1014.68176,0.03366133
-1017.09033,0.05221594
-1019.49890,0.00682569
-1021.95984,-0.02996555
-1024.47314,-0.01842924
-1026.93408,0.01634073
-1029.39502,0.03270333
-1032.27478,0.01490550
-1034.68335,-0.00742727
-1037.09192,-0.03174115
-1039.60522,-0.07689532
-1042.22327,-0.03556989
-1047.61633,0.14616224
-1050.33899,0.07238620
-1052.79993,-0.00306873
-1055.31323,-0.07311901
-1057.87891,-0.07578715
-1060.49695,-0.01984760
-1063.06262,0.04030369
-1065.57593,0.03307725
-1068.08923,-0.01571730
-1070.65491,-0.05299290
-1073.63940,-0.03453789
-1076.20508,0.00450229
-1078.71838,0.01141508
-1081.28406,-0.01318512
-1083.79736,-0.02434493
-1086.36304,-0.01256634
-1088.87634,0.00331243
-1091.44202,0.00514534
-1094.00769,-0.00780397
-1096.62573,-0.00848592
-1099.24377,0.00577136
-1104.53210,0.02474540
-1107.15015,-0.00178923
-1109.82056,-0.00333788
-1112.43860,0.00823172
-1115.05664,0.01756250
-1118.14587,0.02770001
-1120.71155,0.01578911
-1123.27722,-0.00810412
-1125.84290,-0.03098446
-1128.46094,-0.03965775
-1131.18359,-0.00420727
-1133.85400,0.03945114
-1136.52441,0.07512977
-1139.14246,0.06175641
-1141.76050,0.00056290
-1144.43091,-0.03960906
-1147.15356,-0.01256889
-1150.29517,0.04318351
-1152.96558,0.03440369
-1155.63599,-0.00222489
-1158.35864,-0.01972156
-1163.85645,0.03187263
-1166.52686,0.01826920
-1169.19727,-0.01584916
-1171.86768,-0.02015748
-1174.59033,-0.00901191
-1177.36536,0.00943837
-1180.03577,0.01741948
-1182.70618,-0.00878125
-1185.48120,-0.03223067
-1188.20386,-0.00198811
-1191.39783,0.01337343
-1194.12048,-0.00607685
-1196.89551,-0.02337960
-1199.61816,-0.01587815
-1202.39319,0.00063769
-1205.11584,0.01013015
-1207.83850,-0.00704836
-1210.61353,-0.01180122
-1213.33618,-0.00783255
-1216.11121,-0.00213859
-1221.66138,-0.00219102
-1224.43640,-0.01262320
-1227.21143,-0.00487768
-1229.93408,0.00210449
-1232.65674,0.00947982
-1235.37939,-0.00176698
-1238.57336,-0.00707171
-1241.34839,-0.01147774
-1244.07104,0.00341354
-1246.84607,0.00675481
-1249.56873,0.00529557
-1252.29138,-0.00365046
-1255.06641,-0.01221851
-1257.84143,-0.01208360
-1260.61646,0.00424138
-1263.44385,0.01170115
-1266.16650,-0.00003795
-1268.99390,-0.01378227
-1272.24023,-0.01718815
-1275.06763,0.00153797
-1277.89502,0.01895485
-1283.54993,0.03023691
-1286.32495,-0.01145263
-1289.09998,-0.01489508
-1291.87500,0.00408875
-1294.65002,0.00900458
-1297.37268,0.00169076
-1300.14771,-0.01279401
-1302.97510,-0.00678957
-1306.27380,0.01159182
-1309.04883,0.01249640
-1311.87622,-0.00395393
-1314.70361,-0.00784787
-1317.53101,-0.00517658
-1320.41077,0.00123813
-1323.29053,-0.00110266
-1326.17029,-0.00147664
-1328.99768,0.00398754
-1331.87744,-0.00870974
-1334.75720,-0.00105139
-1337.63696,0.01471945
-1341.04041,0.02164229
-1346.90466,-0.00138023
-1349.83679,0.00079159
-1352.71655,0.01823137
-1355.59631,0.02441153
-1358.47607,0.00213946
-1361.30347,-0.00090046
-1364.18323,0.00506302
-1367.06299,-0.00292708
-1369.89038,0.01045577
-1372.77014,0.01450299
-1375.64990,0.00821668
-1378.47729,-0.00292708
-1381.98535,-0.03586392
-1385.02222,0.00906208
-1387.95435,0.04731502
-1390.83411,0.03758647
-1393.71387,-0.00924096
-1396.69836,-0.03242699
-1399.68286,-0.00299295
-1402.61499,0.01924886
-1405.54712,0.00836676
-1411.51611,-0.01583684
-1414.34351,-0.01660368
-1417.22327,-0.01991858
-1420.15540,-0.02896473
-1423.03516,-0.00202933
-1426.38623,0.01328805
-1429.26599,-0.00394431
-1432.14575,-0.01905970
-1435.02551,-0.01581482
-1437.90527,-0.01531090
-1440.83740,-0.01114544
-1443.76953,-0.00388534
-1446.70166,-0.00197282
-1449.63379,-0.00823674
-1452.51355,-0.01392241
-1455.44568,-0.00356576
-1458.43018,0.00619821
-1461.83362,0.00918693
-1464.76575,-0.00191581
-1467.69788,-0.01275649
-1470.68237,-0.01219618
-1476.70374,-0.00576756
-1479.58350,0.00417140
-1482.51563,0.00052548
-1485.44775,0.00142689
-1488.37988,0.00394431
-1491.25964,0.00845725
-1494.19177,0.00131290
-1497.12390,0.00495151
-1500.52734,0.00407851
-1503.51184,0.00520641
-1506.49634,-0.00069266
-1509.42847,0.00003769
-1512.36060,0.01762679
-1515.29272,0.02244554
-1518.27722,0.00022626
-1521.26172,0.00382258
-1524.19385,0.01411866
-1527.12598,0.00698565
-1530.11047,-0.00052548
-1533.09497,0.00578382
-1536.02710,0.02385243
-1542.10083,0.02151725
-1545.08533,-0.02742237
-1548.12219,-0.01010626
-1551.63025,0.01087414
-1554.66711,-0.00191308
-1557.65161,-0.01031775
-1560.68848,-0.01219618
-1563.72534,-0.00869611
-1566.81458,-0.01456849
-1569.85144,-0.00998798
-1572.88831,-0.01359950
-1575.92517,-0.01924461
-1578.96204,-0.01818504
-1581.99890,-0.01204031
-1585.03577,0.00895899
-1587.96790,0.00747541
-1590.95239,-0.01378351
-1593.93689,-0.02421467
-1596.92139,-0.01245380
-1600.42944,0.01460116
-1603.36157,0.02393231
-1609.33057,-0.00442179
-1612.26270,-0.01275389
-1615.24719,0.01294672
-1618.17932,0.02676250
-1621.00671,0.01114544
-1623.93884,-0.04479316
-1626.92334,-0.01554760
-1629.90784,0.03909930
-1632.83997,0.08176563
-1635.66736,0.04614843
-1638.54712,-0.01257217
-1641.47925,-0.02723885
-1644.93506,0.01329685
-1647.81482,0.05151808
-1650.64221,0.04846670
-1653.46960,0.00799969
-1656.34937,-0.01096226
-1659.28149,0.00570522
-1662.21362,0.03894687
-1665.04102,0.03929047
-1667.92078,0.00989362
-1673.62805,-0.05129216
-1676.50781,-0.04465429
-1679.38757,-0.01009674
-1682.73865,0.05229490
-1685.46130,0.05674040
-1688.23633,-0.00213014
-1691.06372,-0.05250484
-1693.89111,-0.05730433
-1696.66614,-0.00809615
-1699.44116,0.01446248
-1702.21619,-0.00236925
-1705.04358,-0.02965552
-1707.81860,-0.03839267
-1710.59363,-0.00551568
-1713.36865,0.00232571
-1716.03906,-0.01467295
-1718.81409,-0.02318208
-1721.53674,-0.00791653
-1724.67834,0.00504859
-1727.29639,-0.00502653
-1732.84656,-0.08202282
-1735.51697,0.03670113
-1738.18738,0.06651389
-1740.75305,0.02814504
-1743.42346,-0.03192076
-1746.09387,-0.03481393
-1748.76428,0.00738516
-1751.43469,0.04256791
-1754.05273,0.02086061
-1756.67078,-0.01278880
-1759.34119,-0.01805035
-1761.95923,0.01246901
-1765.04846,0.01356376
-1767.71887,-0.00979049
-1770.38928,0.00240073
-1773.00732,0.03596616
-1775.62537,0.02147838
-1778.19104,-0.00832208
-1780.86145,-0.01042818
-1783.47949,-0.00251327
-1786.09753,0.01723528
-1791.43823,0.01498889
-1794.10864,-0.00970947
-1797.19788,-0.00225918
-1799.86829,0.00177882
-1802.53870,-0.00199660
-1805.15674,-0.01010421
-1807.82715,-0.00622690
-1810.39282,-0.00135563
-1813.06323,-0.01351786
-1815.73364,-0.02422229
-1818.35168,-0.00218363
-1820.96973,0.01691516
-1823.58777,-0.02164111
-1826.25818,-0.03962978
-1828.92859,0.00781985
-1831.54663,0.02947722
-1834.58350,0.00008769
-1837.20154,-0.01492652
-1839.81958,-0.00694244
-1842.38525,0.00416547
-1844.95093,0.00090760
-1850.23926,-0.01930788
-1852.80493,0.01043710
-1855.42297,-0.00561383
-1857.98865,-0.00449293
-1860.50195,0.01564546
-1863.01526,0.02070632
-1865.58093,0.00588810
-1868.09424,-0.01004205
-1871.13110,-0.00207805
-1873.64441,0.00780873
-1876.15771,0.00480440
-1878.77576,-0.00682708
-1881.34143,0.00451237
-1883.85474,0.01949618
-1886.36804,0.00915466
-1888.93372,-0.00821501
-1891.55176,-0.00981639
-1894.06506,0.01110791
-1897.04956,0.00627563
-1899.61523,-0.00311598
-1902.23328,0.00975695
-1907.46924,0.01756218
-1910.08728,-0.01406282
-1912.70532,-0.00552877
-1915.32336,0.01455238
-1917.88904,0.01264136
-1920.45471,-0.00748301
-1923.12512,-0.02076980
-1925.74316,-0.00732069
-1928.36121,0.00634847
-1930.97925,0.00499613
-1933.54492,-0.00160594
-1936.11060,-0.01147931
-1938.67627,-0.05773459
-1941.29431,-0.03784321
-1944.38354,0.01223340
-1946.89685,0.05306278
-1949.41016,0.02438844
-1951.92346,-0.04347577
-1954.48914,-0.06056473
-1957.15955,-0.01459789
-1959.77759,0.03538710
-1965.06592,0.04245842
-1967.63159,-0.03694101
-1970.30200,-0.02854931
-1972.92004,-0.00303905
-1975.53809,0.01467710
-1978.20850,0.02879298
-1980.82654,0.01663448
-1983.91577,-0.00679634
-1986.53381,-0.01065759
-1989.20422,-0.00052602
-1991.87463,0.00097748
-1994.54504,0.01961849
-1997.16309,0.02807237
-1999.83350,0.00919405
-2002.50391,-0.01021557
-2005.17432,-0.00187519
-2007.84473,0.01751785
-2010.93396,0.01442577
-2013.65662,0.00349740
-2016.32703,-0.00151481
-2018.99744,0.01045365
-2024.44287,0.02797521
-2027.06091,-0.00169179
-2029.67896,-0.00931624
-2032.40161,-0.02739121
-2035.12427,0.02485785
-2037.74231,0.06016837
-2040.36035,0.03740653
-2042.97839,-0.02531359
-2045.64880,-0.04107504
-2048.31909,-0.00503267
-2050.98950,0.03418199
-2053.65991,0.01613658
-2056.74902,-0.02935541
-2059.47168,-0.03204285
-2062.14209,-0.00529019
-2064.81250,0.01605163
-2067.43042,-0.00146324
-2070.15308,-0.02836287
-2072.87573,-0.03223406
-2075.54614,-0.00527405
-2078.21655,-0.00913754
-2083.71436,-0.02472435
-2086.38477,0.01819988
-2089.10742,-0.00189351
-2091.77783,-0.03181746
-2094.50049,-0.03561286
-2097.22314,-0.02180311
-2100.41699,-0.00487468
-2103.13965,0.00877768
-2105.91479,-0.00289250
-2108.63745,-0.00495756
-2111.41260,0.00564046
-2114.13525,0.00457919
-2116.85791,-0.00757731
-2119.63306,-0.00829172
-2122.30347,-0.00003753
-2125.07861,-0.02931878
-2127.90601,-0.02600111
-2130.73340,0.02452217
-2133.92725,0.07128334
-2136.64990,0.03110965
-2142.30469,-0.07480691
-2145.18457,-0.00656476
-2148.01196,0.06274541
-2150.73462,0.05488932
-2153.50977,-0.00505006
-2156.33716,-0.04148389
-2159.16455,-0.02847119
-2161.99194,0.01714003
-2164.81934,0.04052061
-2167.59448,0.01564605
-2170.47437,-0.03155153
-2173.35425,-0.03495002
-2176.18164,0.00181447
-2179.48022,0.01536133
-2182.30762,-0.01223038
-2185.23975,-0.02585003
-2188.11963,-0.00420529
-2190.94702,0.00482394
-2193.82690,-0.00375725
-2196.60205,-0.01525134
-2199.37720,-0.01943093
-2205.29395,-0.12343812
-2208.22607,0.01107939
-2211.05347,0.07494529
-2213.88086,0.06440716
-2216.65601,-0.01161463
-2219.43115,-0.05649225
-2222.31104,-0.01750880
-2225.66211,0.04145673
-2228.43726,0.04337206
-2231.26465,0.00255078
-2234.09204,-0.02659021
-2236.97192,-0.00702321
-2239.79932,0.02216779
-2242.67920,0.01996391
-2245.55908,0.00128603
-2248.43896,-0.00349992
-2251.31885,-0.00022553
-2254.19873,-0.01209589
-2257.13086,0.01740886
-2260.48193,0.02722919
-2263.36182,0.01131635
-2269.27856,-0.01428800
-2272.21069,0.01620363
-2275.09058,0.01845563
-2277.97046,-0.00285145
-2280.90259,-0.02709429
-2283.83472,-0.00527298
-2286.81934,0.01744282
-2289.69922,0.02374958
-2293.15503,0.00971725
-2296.08716,-0.01635875
-2299.07178,-0.03091456
-2302.05640,-0.04961563
-2305.14551,-0.01517995
-2308.13013,0.04329389
-2311.11475,0.05845887
-2313.99463,0.00327944
-2316.97925,-0.05632937
-2320.01611,-0.05055558
-2323.00073,-0.00522576
-2325.98535,0.02663313
-2328.96997,0.00552653
-2335.04370,-0.05413374
-2338.02832,-0.00071272
-2341.01294,0.01628328
-2344.46875,-0.00083397
-2347.45337,-0.02160660
-2350.43799,-0.01339159
-2353.42261,0.00789343
-2356.40723,0.01134921
-2359.44409,0.00162547
-2362.42871,0.00450779
-2365.46558,0.01410366
-2368.45020,0.01605050
-2371.48706,-0.00260040
-2374.57617,-0.00822838
-2377.61304,0.03676122
-2381.12109,0.05533961
-2384.10571,0.01096226
-2387.19482,-0.01744488
-2390.28394,-0.00511298
-2393.42554,0.04163119
-2396.51465,0.06060382
-2402.69312,-0.02981084
-2405.83472,0.00410373
-2408.97632,0.06295875
-2412.01318,0.07821137
-2415.05005,0.02668191
-2418.08691,-0.02164851
-2421.22852,-0.02839607
-2424.89380,0.00267702
-2427.98291,0.05512675
-2431.12451,0.05372120
-2434.21362,0.00037924
-2437.35522,-0.03323176
-2440.54907,-0.01005307
-2443.69067,0.02826602
-2446.77979,0.02499280
-2449.92139,-0.00709255
-2453.11523,-0.02968227
-2456.30908,-0.01371397
-2459.50293,0.02175664
-2462.69678,0.03167255
-2466.41431,0.01021998
-2472.95923,-0.03981087
-2476.15308,-0.00495353
-2479.34692,-0.00994863
-2482.64551,-0.02306953
-2485.89185,0.01853078
-2489.08569,0.04238794
-2492.27954,0.00662351
-2495.52588,-0.03892763
-2498.77222,-0.02556756
-2502.07080,0.01529725
-2505.26465,0.03175523
-2508.51099,-0.00706389
-2511.70483,-0.04176568
-2515.00342,-0.03154557
-2518.87793,0.00991924
-2522.12427,0.02706777
-2525.37061,0.02346907
-2528.61694,-0.01034294
-2531.86328,-0.02634911
-2535.21436,-0.01465134
-2538.51294,0.00949233
-2545.16260,0.01598606
-2548.46118,-0.02146262
-2551.75977,-0.03354544
-2555.05835,-0.02863053
-2558.30469,-0.01590485
-2561.60327,-0.01238130
-2564.84961,-0.01722431
-2568.14819,-0.05100324
-2572.02271,-0.06729032
-2575.32129,-0.01050321
-2578.56763,0.01147850
-2581.81396,-0.00615814
-2585.06030,-0.03598121
-2588.41138,-0.03912458
-2591.70996,-0.01126259
-2594.95630,0.01414182
-2598.20264,0.01054715
-2601.44897,-0.01045577
-2604.74756,-0.02602718
-2608.62207,-0.01026385
-2615.27173,0.06698443
-2618.51807,0.00435664
-2621.76440,-0.02175664
-2625.11548,-0.01340571
-2628.46655,0.02479786
-2631.76514,0.05403055
-2635.06372,0.02872878
-2638.36230,-0.01774160
-2641.76563,-0.00612805
-2645.11670,0.03475681
-2648.41528,0.05855984
-2651.76636,0.01969886
-2655.11743,-0.03004748
-2658.57324,-0.01069985
-2661.97656,0.03795689
-2665.90356,0.05868512
-2669.20215,0.01525331
-2672.55322,-0.02149844
-2675.90430,-0.03754896
-2679.30762,-0.02934824
-2682.71094,0.02644031
-2689.51782,0.02084747
-2692.92114,-0.04168370
-2696.32446,-0.02975263
-2699.67554,-0.00322795
-2703.02661,-0.00125803
-2706.48242,-0.03585229
-2709.88574,-0.04894553
-2713.28906,0.00626441
-2717.21606,0.04313944
-2720.56714,0.02252650
-2723.91821,-0.03305570
-2727.32153,-0.03630291
-2730.67261,-0.00003755
-2734.02368,0.03112901
-2737.37476,0.03583310
-2740.62109,0.00281508
-2743.97217,-0.03086564
-2747.37549,-0.01324424
-2750.72656,0.03479435
-2754.60107,0.06661088
-2757.84741,0.02625759
-2764.60181,-0.04477360
-2767.90039,0.00592922
-2771.25146,0.02487197
-2774.55005,0.02900860
-2777.79639,0.01105979
-2781.04272,-0.00945289
-2784.28906,-0.00990705
-2787.58765,0.01446595
-2790.78149,0.01645008
-2794.02783,0.00341424
-2797.27417,-0.01243395
-2800.57275,-0.01362855
-2803.87134,-0.00830563
-2807.11768,-0.00292365
-2810.36401,-0.00947020
-2814.13403,-0.02435908
-2817.32788,-0.02436475
-2820.57422,-0.01549564
-2823.76807,-0.00232618
-2826.96191,-0.01080330
-2830.15576,-0.02423240
-2836.64844,-0.04741458
-2839.89478,0.00366046
-2843.08862,0.01687603
-2846.28247,-0.00636008
-2849.42407,-0.02232840
-2852.61792,-0.00403823
-2855.81177,0.02479282
-2859.47705,0.03723432
-2862.61865,0.02479500
-2865.76025,0.00676168
-2868.90186,0.00214468
-2872.04346,0.00788061
-2875.13257,0.02569438
-2878.27417,0.03026431
-2881.36328,0.01632412
-2884.45239,-0.00045179
-2887.54150,-0.00052516
-2890.63062,0.01078989
-2894.24341,0.00591836
-2897.38501,-0.00274447
-2900.47412,0.00786063
-2906.75732,-0.00267550
-2909.89893,-0.01687991
-2913.04053,-0.01274079
-2916.12964,-0.00297969
-2919.21875,-0.00232618
-2922.30786,-0.01159104
-2925.34473,-0.00480831
-2928.48633,-0.02011447
-2931.62793,-0.03700140
-2934.71704,0.00048894
-2937.91089,0.00967773
-2941.52368,-0.01744818
-2944.61279,-0.02262483
-2947.80664,-0.02111398
-2950.94824,-0.01265165
-2954.03735,0.01223122
-2957.12646,-0.01020311
-2960.21558,-0.00611685
-2963.35718,-0.00338634
-2966.44629,0.00537069
-2969.58789,0.00632574
-2975.87109,-0.00764114
-2979.01270,-0.00841227
-2982.10181,0.00799319
-2985.13867,0.02176775
-2988.12329,0.00917701
-2991.68384,-0.01176898
-2994.72070,-0.02501618
-2997.80981,0.02274061
-3000.79443,0.05604210
-3003.77905,0.03286260
-3006.76367,-0.00582137
-3009.80054,-0.02079449
-3012.78516,0.00435044
-3015.82202,0.01844061
-3018.85889,0.02078980
-3021.89575,0.01883841
-3025.40381,0.02064771
-3028.38843,0.00379560
-3031.42529,-0.00941075
-3034.46216,-0.01794687
-3037.49902,-0.02743615
-3043.72974,0.07043760
-3046.60962,0.04058739
-3049.54175,-0.02194235
-3052.52637,-0.07585692
-3055.61548,-0.02614099
-3058.60010,0.03191851
-3061.53223,0.04414199
-3064.41211,-0.00154047
-3067.34424,-0.05403848
-3070.85229,-0.07105466
-3073.88916,-0.02007023
-3076.82129,0.03858757
-3079.75342,0.03023622
-3082.63330,-0.02373320
-3085.56543,-0.04940768
-3088.55005,-0.02149844
-3091.48218,0.02326183
-3094.41431,0.02470315
-3097.34644,-0.00924779
-3100.27856,-0.02474533
-3106.30005,0.00893760
-3109.23218,0.01448531
-3112.11206,-0.00056290
-3115.09668,-0.01600843
-3118.02881,-0.00963843
-3121.43213,0.01593321
-3124.41675,0.00097808
-3127.34888,0.02364664
-3130.28101,0.03597771
-3133.16089,0.02164411
-3136.04077,-0.01316920
-3138.97290,-0.01287952
-3141.90503,0.00682986
-3144.83716,0.01026146
-3147.76929,0.01387924
-3150.64917,0.01124560
-3154.05249,0.00039861
-3156.93237,-0.00870489
-3159.81226,-0.01113118
-3162.74438,-0.02559322
-3165.67651,0.00248079
-3177.56226,0.03406541
-3180.54688,-0.02981167
-3183.42676,0.00876863
-3186.30664,0.02326657
-3189.13403,0.00585318
-3192.01392,-0.04452343
-3194.94604,-0.04532306
-3197.82593,0.00323715
-3200.70581,0.03685374
-3203.58569,0.00390063
-3206.46558,-0.03778660
-3209.34546,-0.03356554
-3212.22534,0.00600550
-3215.10522,0.02364519
-3217.98511,-0.00171447
-3220.86499,-0.02100067
-3223.69238,-0.01204363
-3226.57227,0.00765234
-3229.45215,0.01830153
-3232.75073,0.01497276
-3235.63062,-0.00349708
-3241.54736,0.00995565
-3244.42725,0.02602718
-3247.30713,0.01038283
-3250.18701,-0.00105118
-3253.11914,0.01222873
-3255.99902,0.01856817
-3258.87891,0.01313702
-3261.81104,0.00349282
-3264.69092,0.00191308
-3267.57080,-0.00093912
-3270.50293,0.00397702
-3273.48755,0.01111829
-3276.89087,0.02869472
-3279.77075,0.00842308
-3282.70288,-0.01500763
-3285.63501,-0.01759287
-3288.61963,0.00836846
-3291.60425,0.01614481
-3294.53638,0.00590128
-3297.52100,0.00544137
-3300.50562,-0.00805010
-3303.49023,-0.01183294
-3309.61646,-0.01992029
-3312.60107,-0.00506405
-3315.58569,-0.01559576
-3319.09375,-0.01533469
-3322.13062,-0.01316641
-3325.16748,-0.00748908
-3328.20435,-0.01108198
-3331.18896,-0.01437621
-3334.27808,-0.01460640
-3337.41968,-0.01027033
-3340.45654,0.00855322
-3343.44116,0.00011263
-3346.53027,-0.01436689
-3349.56714,-0.00545355
-3352.60400,0.01016313
-3355.64087,0.00810082
-3358.72998,-0.00840256
-3361.81909,0.00384018
-3365.37964,0.02272194
-3368.46875,0.01230369
-3374.80420,-0.00892013
-3377.89331,0.04530462
-3380.93018,0.03193524
-3384.07178,-0.00875756
-3387.21338,-0.01569255
-3390.35498,0.01633076
-3393.44409,0.02830360
-3396.58569,0.01175064
-3399.72729,-0.00152672
-3402.92114,0.00559273
-3406.01025,0.01094471
-3409.67554,0.00745924
-3412.81714,-0.00041338
-3415.95874,0.00315737
-3419.15259,0.00582492
-3422.29419,0.00964006
-3425.48804,0.01346736
-3428.62964,0.00310348
-3431.77124,-0.01665477
-3434.96509,-0.02120691
-3438.10669,-0.00881519
-3444.65161,-0.00308855
-3447.84546,-0.01436748
-3450.98706,-0.01754637
-3454.18091,-0.01542348
-3457.89844,-0.01828115
-3461.09229,0.00075069
-3464.33862,-0.00144893
-3467.53247,-0.01034066
-3470.77881,-0.00550899
-3473.97266,-0.00041288
-3477.16650,0.00536632
-3480.36035,0.00169626
-3483.55420,-0.00469084
-3486.74805,0.00496260
-3489.94189,0.01826808
-3493.13574,0.02004243
-3496.90576,0.01510805
-3500.15210,-0.00195893
-3503.39844,0.01077674
-3506.59229,0.02295701
-3509.78613,0.02255267
-3516.43579,-0.00732515
-3519.68213,0.02260027
-3522.87598,0.01636165
-3526.12231,0.00923533
-3529.36865,-0.00244221
-3532.66724,-0.00790559
-3535.96582,-0.00200995
-3539.26440,0.01489542
-3542.61548,0.00858040
-3545.91406,-0.01223455
-3549.26514,-0.00355621
-3552.56372,0.00447204
-3556.43823,-0.00377809
-3559.68457,-0.02625786
-3563.08789,-0.05538519
-3566.49121,-0.02298037
-3569.78979,0.02397469
-3573.08838,0.01311281
-3576.33472,-0.02836149
-3579.68579,-0.04631750
-3583.03687,-0.03370255
-3589.89600,0.00015391
-3593.19458,-0.00417902
-3596.54565,-0.02369198
-3599.89673,-0.02265623
-3603.30005,-0.00499000
-3606.70337,0.00410400
-3610.63037,-0.01103442
-3613.98145,-0.01355541
-3617.33252,-0.00406113
-3620.73584,0.00582374
-3624.08691,0.01681539
-3627.43799,0.00562901
-3630.84131,0.00192048
-3634.24463,0.00469023
-3637.64795,0.01434395
-3640.99902,0.01230868
-3644.40234,0.00311472
-3648.32935,0.00105472
-3651.68042,0.00638603
-3655.08374,-0.01831676
-3658.48706,-0.01358191
-3665.50317,0.08210321
-3668.90649,0.05298270
-3672.30981,-0.00798641
-3675.76562,-0.03702962
-3679.22144,-0.01109966
-3682.67725,0.02414270
-3686.08057,0.01344064
-3689.53638,-0.02188773
-3692.99219,-0.03651799
-3696.50024,-0.00895896
-3699.95605,0.00991800
-3703.35937,-0.00720366
-3707.44336,-0.03241427
-3710.89917,-0.02811799
-3714.35498,-0.00942112
-3717.81079,0.00818915
-3721.26660,0.00172553
-3724.72241,-0.01291969
-3728.17822,-0.01376670
-3731.63403,-0.00037542
-3735.08984,0.00694809
-3742.10596,0.01625321
-3745.61401,0.01059366
-3749.06982,0.00338132
-3752.57788,0.00000010
-3755.98120,0.01388771
-3759.43701,0.02110816
-3763.41626,0.00894953
-3766.87207,-0.00495453
-3770.27539,-0.00559603
-3773.73120,0.00157676
-3777.18701,0.01559310
-3780.64282,0.01975600
-3784.04614,0.00480342
-3787.50195,-0.01115536
-3790.90527,-0.01295199
-3794.25635,-0.00318847
-3797.71216,-0.02840195
-3801.69141,-0.00381870
-3805.09473,0.03168650
-3808.39331,0.02404484
-3811.74438,-0.03424942
-3818.60352,-0.13608426
-3822.05933,-0.01531708
-3825.46265,0.02347931
-3828.81372,0.05563360
-3832.06006,0.02618805
-3835.35864,-0.03643103
-3838.65723,-0.06931603
-3842.11304,-0.03343035
-3845.46411,0.03150101
-3848.76270,0.05566760
-3852.00903,0.01635733
-3855.30762,-0.03382580
-3859.18213,-0.03822821
-3862.48071,0.01290656
-3865.77930,0.05503256
-3868.97314,0.04707765
-3872.21948,-0.01939136
-3875.51807,-0.03068428
-3878.86914,0.01592751
-3882.22021,0.06797989
-3885.46655,0.06426767
-3895.25781,-0.02910494
-3899.13232,0.03861252
-3902.37866,0.04220251
-3905.62500,0.02693950
-3908.87134,-0.00311282
-3912.11768,-0.03377405
-3915.46875,-0.02209574
-3918.81982,0.02672491
-3922.11841,0.06761680
-3925.36475,0.05849848
-3928.61108,0.00067521
-3931.90967,-0.03863679
-3935.78418,-0.02655534
-3939.08276,0.01649098
-3942.38135,0.02495322
-3945.62769,-0.00243874
-3948.97876,-0.03736226
-3952.38208,-0.01970615
-3955.73315,0.01267415
-3959.03174,0.00090266
-3962.33032,-0.01127176
-3969.03247,-0.02838118
-3972.38354,-0.01591359
-3975.68213,-0.01084302
-3979.50439,-0.00281063
-3982.85547,-0.01819237
-3986.25879,-0.00459023
-3989.60986,0.00416740
-3992.90845,0.01645031
-3996.20703,0.00560740
-3999.45337,-0.01928088
-4002.80444,-0.01705792
-4006.10303,0.01057374
-4009.34937,0.02653139
-4012.59570,-0.00559717
-4015.94678,0.00467224
-4019.24536,0.01297710
-4022.54395,0.00517111
-4025.84253,-0.01079427
-4029.71704,-0.00210431
-4032.96338,0.01961849
-4039.71777,0.01326369
-4043.01636,-0.00758811
-4046.31494,-0.00300092
-4049.66602,0.01937344
-4052.96460,0.02075707
-4056.26318,-0.00322156
-4059.56177,-0.02513091
-4062.86035,-0.02003519
-4066.15894,-0.01635069
-4069.45752,0.00338427
-4072.75610,0.01135151
-4076.00244,-0.00398026
-4079.82471,-0.03014933
-4083.12329,-0.02756702
-4086.42187,-0.00694950
-4089.72046,0.00589118
-4093.01904,-0.00332989
-4096.26514,-0.01751027
-4099.56396,-0.02199066
-4102.81006,-0.00360623
-4106.10889,0.01831640
-4112.75879,-0.00766530
-4116.00488,-0.00352895
-4119.25098,0.00491500
-4122.49707,0.00152000
-4125.74316,-0.00566769
-4129.04199,0.00237114
-4132.86426,0.00912854
-4136.11035,0.01988762
-4139.30420,0.02128802
-4142.55029,0.00414389
-4145.74414,-0.00897801
-4148.99023,-0.00649608
-4152.23633,0.00751145
-4155.48242,0.02485563
-4158.72852,0.01546351
-4161.97461,-0.01213768
-4165.22070,-0.01639917
-4168.46680,0.00214337
-4171.71289,0.02244327
-4174.90674,0.00784628
-4178.67676,-0.00477853
-4185.32666,-0.01520901
-4188.62549,-0.01463890
-4191.87158,-0.01886590
-4195.11768,-0.01380702
-4198.36377,-0.00090027
-4201.60986,-0.00015005
-4204.85596,-0.01167588
-4208.10205,-0.02258108
-4211.40088,-0.01907133
-4214.59473,-0.01020519
-4217.89355,-0.00564046
-4221.19238,-0.01024421
-4224.49121,-0.00421885
-4227.73730,0.00132439
-4231.55957,0.00329542
-4234.80566,-0.00751603
-4238.15674,-0.01198205
-4241.40283,0.01365695
-4244.64893,0.02465004
-4247.89502,-0.00398188
-4251.19385,-0.01122505
-4257.94824,0.03483981
-4261.24707,0.01301858
-4264.54590,0.00056267
-4267.84473,0.00679095
-4271.14355,0.00661814
-4274.54687,0.00535740
-4277.89795,0.00335550
-4281.30127,0.01774160
-4285.17578,0.03275156
-4288.52686,0.00713439
-4291.93018,-0.01659462
-4295.33350,-0.00947901
-4298.68457,0.01968236
-4302.03564,0.01546101
-4305.38672,0.00991511
-4308.73779,0.00262847
-4312.08887,-0.00810577
-4315.43994,-0.01925904
-4318.79102,-0.01148318
-4322.14209,-0.00109160
-4326.12158,-0.00935066
-4333.03320,-0.02820092
-4336.38428,-0.01035527
-4339.78760,-0.00760271
-4343.13867,-0.01145030
-4346.54199,-0.01204608
-4349.89307,-0.00832715
-4353.29639,-0.00424914
-4356.64746,0.00116427
-4360.05078,-0.00214555
-4363.45410,0.00338064
-4366.90967,0.00893377
-4370.31299,0.00824176
-4373.66406,0.00338702
-4377.64355,0.00149133
-4381.04687,0.00626951
-4384.39795,0.01425435
-4387.80127,0.01647423
-4391.15234,0.00706363
-4394.55566,0.00177739
-4397.95898,0.00376031
-4401.36230,0.00881519
-4408.37842,0.03205105
-4411.78174,0.01335408
-4415.18506,0.00018756
-4418.64062,-0.00480244
-4422.04395,0.00597646
-4426.07568,0.01838562
-4429.47900,0.01403499
-4432.93457,-0.00633963
-4436.44287,-0.00250145
-4439.84619,0.01399686
-4443.30176,-0.00030095
-4446.70508,-0.02660134
-4450.10840,-0.02209425
-4453.56396,-0.00777435
-4456.96729,-0.00138849
-4460.42285,-0.00720114
-4463.82617,-0.02335150
-4467.80566,-0.02853742
-4471.26123,-0.01772542
-4474.66455,0.00556525
-4478.12012,0.00161562
-4485.08398,-0.01322456
-4488.48730,-0.00862763
-4491.89062,0.00266765
-4495.34619,0.01934128
-4498.69727,0.01966000
-4502.04834,0.00146771
-4505.50391,-0.00098840
-4508.90723,0.00261199
-4512.25830,0.01567463
-4515.60937,0.02040623
-4519.48389,0.02376111
-4522.83496,0.00975893
-4526.18604,-0.00800295
-4529.53711,-0.00338015
-4532.88818,0.01624576
-4536.23926,0.02284035
-4539.59033,0.00672275
-4542.94141,-0.00972733
-4546.29248,-0.00898166
-4549.64355,0.00744540
-4552.99463,0.02118771
-4559.64453,0.00288046
-4563.51904,-0.01774738
-4566.81787,-0.01234127
-4570.11670,-0.00532879
-4573.46777,-0.00286088
-4576.76660,-0.00549893
-4580.01270,-0.01143305
-4583.25879,-0.02167494
-4586.50488,-0.01530779
-4589.75098,-0.00607933
-4592.99707,-0.00341771
-4596.19092,-0.01153008
-4600.01318,-0.02319976
-4603.25928,-0.00523768
-4606.45313,-0.00112626
-4609.69922,0.00409790
-4612.89307,0.00086557
-4616.08691,-0.00431557
-4619.28076,0.00161299
-4622.42236,0.00420556
-4628.81006,-0.00703777
-4631.95166,0.00375191
-4635.09326,0.01997234
-4638.81104,0.00687206
-4641.95264,0.00037916
-4645.09424,0.00966547
-4648.18359,0.00472644
-4651.32520,-0.00251480
-4654.41455,0.00116285
-4657.50391,0.01273708
-4660.59326,0.02406931
-4663.73486,0.00706507
-4666.82422,-0.00785744
-4669.96582,-0.01143340
-4673.00293,0.00676031
-4676.09229,0.01047847
-4679.75732,0.01414342
-4682.79443,0.01887673
-4685.88379,0.00213859
-4688.97314,-0.01896641
-4692.01025,-0.01727985
-4695.15186,-0.01827923
-4701.43506,0.01589318
-4704.52441,-0.00463134
-4707.61377,-0.02283005
-4710.70312,-0.03306650
-4713.79248,-0.01207869
-4716.82959,0.00131531
-4719.91895,-0.02686981
-4723.00830,-0.01623324
-4726.56885,0.00591836
-4729.65820,0.02135705
-4732.69531,0.00174063
-4735.73242,-0.01807605
-4738.76953,-0.01690076
-4741.85889,0.01290394
-4744.89600,0.03135458
-4747.93311,0.00986752
-4750.97021,-0.01011522
-4754.05957,-0.00417224
-4757.62012,0.02288432
-4760.65723,0.02405952
-4766.88818,0.02670568
-4769.97754,0.00239544
-4773.11914,0.00480661
-4776.15625,0.01128550
-4779.24561,0.01375992
-4782.33496,0.00285203
-4785.47656,0.00260356
-4788.51367,0.02082364
-4791.60303,0.01035316
-4794.69238,-0.02073582
-4797.83398,0.01267886
-4800.92334,0.03048989
-4804.53613,0.02183977
-4807.62549,-0.00593163
-4810.76709,-0.01586734
-4813.90869,-0.00236707
-4816.99805,0.00645985
-4820.13965,-0.00735374
-4823.28125,-0.02129929
-4826.42285,-0.01487570
-4829.56445,0.00150107
-4835.95215,-0.01677573
-4839.09375,-0.02887751
-4842.28760,-0.01203786
-4845.42920,0.00831028
-4849.04199,0.00628982
-4852.18359,-0.01879324
-4855.32520,-0.01665847
-4858.51904,0.00236370
-4861.71289,0.01203390
-4864.85449,0.01479127
-4867.94385,-0.00710842
-4871.08545,-0.01532024
-4874.22705,-0.02055627
-4877.42090,0.00394672
-4880.51025,0.03090971
-4884.12305,0.01434556
-4887.21240,-0.00161332
-4890.30176,0.00086329
-4893.44336,0.00352966
-4896.58496,0.00783901
-4899.72656,0.01504197
-4906.11426,-0.01006100
-4909.20361,-0.00176340
-4912.34521,0.01078722
-4915.48682,0.00927098
-4918.57617,-0.00397621
-4921.66553,-0.01410718
-4924.80713,0.00326815
-4927.94873,0.00888664
-4931.56152,0.00636672
-4934.65088,-0.00033767
-4937.68799,-0.00618939
-4940.77734,-0.01673692
-4943.91895,-0.01651360
-4946.95605,-0.00563931
-4950.04541,-0.03499423
-4953.23926,-0.02647792
-4956.38086,0.01831589
-4959.47021,0.03419794
-4962.55957,-0.00433113
-4965.75342,-0.05241239
-4969.52344,-0.03723046
-4976.01611,0.05636672
-4979.10547,0.00487748
-4982.29932,-0.03157923
-4985.49316,-0.02748632
-4988.73926,0.00878125
-4991.98535,0.04437030
-4995.12695,0.02780558
-4998.32080,-0.00979647
-5001.56689,-0.01711566
-5004.76074,0.01495994
-5007.95459,0.03570969
-5011.14844,0.02273194
-5014.91846,0.00171213
-5018.16455,-0.00165285
-5021.41064,0.01212047
-5024.60449,0.01701689
-5027.90332,0.00901866
-5031.14941,-0.00393533
-5034.44824,-0.00033856
-5037.74707,0.01393940
-5040.99316,0.01810260
-5047.64307,-0.01838848
-5050.94189,-0.00465331
-5054.24072,0.01324963
-5057.48682,0.01712959
-5060.78564,-0.00753921
-5064.60791,-0.03545331
-5067.90674,-0.02263782
-5071.15283,-0.00120232
-5074.45166,-0.00166192
-5077.69775,-0.01804668
-5080.94385,-0.02825454
-5084.24268,-0.02106105
-5087.54150,-0.01450299
-5090.78760,-0.01015489
-5094.08643,-0.01587057
-5097.43750,-0.01712423
-5100.73633,-0.01509195
-5104.61084,-0.00694476
-5107.90967,0.00045069
-5111.20850,0.00356649
-5114.45459,-0.00484489
-5121.15674,-0.06100689
-5124.45557,0.05401830
-5127.75439,0.06710874
-5131.00049,0.01655938
-5134.24658,-0.02842790
-5137.54541,-0.01853820
-5140.89648,0.02031742
-5144.71875,0.06128671
-5147.96484,0.04246862
-5151.21094,-0.00289191
-5154.45703,-0.01842562
-5157.80811,0.00365342
-5161.10693,0.03324191
-5164.40576,0.03658538
-5167.70459,0.01285095
-5171.00342,-0.01413263
-5174.30225,-0.00684515
-5177.60107,0.02157786
-5180.84717,0.02687527
-5184.72168,0.00574400
-5188.02051,-0.01448531
-5194.67041,-0.02112813
-5198.02148,-0.01280788
-5201.32031,-0.02135420
-5204.67139,-0.01030114
-5207.97021,-0.00003764
-5211.26904,-0.01407538
-5214.56787,-0.03863240
-5217.91895,-0.03567939
-5221.27002,-0.01234880
-5225.14453,-0.00149522
-5228.44336,-0.01387924
-5231.79443,-0.02718592
-5235.14551,-0.04084693
-5238.60107,-0.01547597
-5241.95215,0.02931393
-5245.30322,0.04010790
-5248.54932,0.00217522
-5251.84814,-0.03781154
-5255.19922,-0.05184857
-5258.60254,-0.00743634
-5265.56641,0.12930806
-5268.86523,0.05327268
-5272.16406,-0.01596508
-5276.14355,-0.05982634
-5279.54687,-0.00743785
-5283.21191,0.04855521
-5286.61523,0.04959527
-5289.96631,0.00801878
-5293.52686,-0.04861814
-5297.13965,-0.01276336
-5300.64795,0.04091264
-5304.05127,0.04128945
-5307.45459,-0.00113771
-5311.01514,-0.03965538
-5314.47070,-0.02970495
-5317.92627,0.00871860
-5321.32959,0.02284912
-5324.73291,-0.00804542
-5328.24121,-0.05113225
-5331.69678,-0.05741986
-5335.20508,-0.01688702
-5342.27344,0.09576740
-5345.72900,-0.01294979
-5349.18457,-0.06495927
-5352.69287,-0.04419426
-5356.14844,0.00589050
-5359.60400,0.04475914
-5363.00732,0.02426382
-5366.46289,-0.01749607
-5369.91846,-0.02690192
-5373.37402,0.00930663
-5376.88232,0.03410966
-5380.33789,0.01525331
-5383.79346,-0.00236947
-5387.19678,0.00461485
-5390.65234,0.02325710
-5394.05566,0.01651176
-5397.45898,0.00593604
-5401.43848,0.00127202
-5404.84180,0.00221633
-5408.24512,0.00676443
-5411.64844,-0.00564153
-5418.66455,-0.03485719
-5422.12012,0.02993203
-5425.47119,0.05656727
-5428.82227,0.01511643
-5432.22559,-0.03238093
-5435.62891,-0.01915031
-5439.03223,0.01440733
-5442.38330,0.02143374
-5445.73438,-0.00803894
-5449.13770,-0.03762018
-5452.54102,-0.02388763
-5456.52051,0.00197931
-5459.81934,0.01905194
-5463.22266,0.00653629
-5466.52148,-0.01113343
-5469.87256,-0.03740653
-5473.27588,-0.04861484
-5476.67920,-0.01710939
-5480.03027,0.02540559
-5483.38135,0.02092113
-5486.73242,-0.00975698
-5493.64404,-0.03059020
-5496.99512,0.02530844
-5500.34619,0.02655298
-5504.22070,-0.00052699
-5507.62402,-0.00855261
-5510.97510,0.01481260
-5514.32617,0.03989090
-5517.67725,0.03075334
-5520.97607,-0.00311037
-5524.27490,-0.03512215
-5527.67822,-0.00664358
-5530.97705,0.03652679
-5534.27588,0.02829472
-5537.52197,0.00941729
-5540.82080,0.00746478
-5544.64307,0.01459862
-5547.88916,0.00777751
-5551.18799,0.00861907
-5554.43408,0.01410114
-5557.68018,-0.01218874
-5560.92627,0.00262634
-5567.52344,0.02892727
-5570.71729,-0.01305664
-5573.91113,-0.03589846
-5577.15723,-0.04125892
-5580.35107,0.00097589
-5583.59717,0.02546512
-5586.79102,0.01008160
-5589.93262,-0.01889972
-5593.65039,-0.03564122
-5596.84424,-0.02068168
-5599.98584,0.00165453
-5603.12744,-0.02209425
-5606.32129,-0.02710079
-5609.46289,0.00783989
-5612.60449,0.03087206
-5615.69385,0.00202892
-5618.88770,-0.02327644
-5622.02930,-0.01085184
-5625.69434,0.02719954
-5628.78369,0.03702397
-5631.92529,0.00899131
-5638.31299,-0.01676936
-5641.40234,0.02136573
-5644.49170,0.03411179
-5647.52881,0.00590488
-5650.61816,-0.01901505
-5653.70752,-0.00889592
-5656.84912,-0.01877535
-5659.99072,0.01597481
-5663.02783,0.05462614
-5666.06494,0.03053405
-5669.10205,-0.02291950
-5672.76709,-0.04772013
-5675.85645,-0.01028232
-5678.99805,0.02326699
-5682.03516,0.01876849
-5685.12451,-0.00935176
-5688.21387,-0.03474267
-5691.30322,-0.01092027
-5694.39258,0.01372750
-5697.37695,-0.00615313
-5700.46631,-0.06125620
-5706.64453,-0.05565205
-5710.25732,0.00662902
-5713.34668,0.02244252
-5716.33105,-0.01278027
-5719.42041,-0.04990938
-5722.50977,-0.06313278
-5725.65137,0.00003778
-5728.68848,0.05125296
-5731.72559,0.03439981
-5734.65771,-0.02750867
-5737.69482,-0.08774965
-5740.83643,-0.05587090
-5743.97803,0.01720472
-5747.11963,0.08968172
-5750.62793,0.12502745
-5753.61230,0.04604528
-5756.59668,-0.02854940
-5759.58105,-0.04306315
-5762.61816,0.01580518
-5765.60254,0.06464916
-5768.53467,0.04724614
-5774.45117,-0.02363829
-5777.48828,-0.01014396
-5780.52539,0.02287823
-5783.45752,0.03901811
-5786.38965,0.01113728
-5789.84521,-0.01332959
-5792.82959,-0.01198563
-5795.81396,0.00255234
-5798.74609,0.00552540
-5801.73047,-0.00830015
-5804.71484,-0.02022279
-5807.75195,-0.01197905
-5810.78906,0.01201343
-5813.77344,0.01232128
-5816.70557,-0.00523001
-5819.68994,-0.02637055
-5823.19824,-0.02372140
-5826.18262,0.00225114
-5829.16699,0.00822169
-5832.15137,-0.00588275
-5835.13574,-0.02600602
-5841.41895,-0.01647905
-5844.40332,0.01200728
-5847.44043,-0.00158510
-5850.47754,-0.02033388
-5853.51465,-0.00829003
-5856.55176,0.01309949
-5859.58887,0.01669939
-5862.57324,0.00308721
-5865.55762,-0.01025313
-5869.17041,-0.00397305
-5872.20752,0.01489383
-5875.19189,0.02994632
-5878.17627,0.01407496
-5881.16064,-0.01129095
-5884.19775,-0.01537653
-5887.23486,0.02098250
-5890.21924,0.03791067
-5893.20361,0.01638057
-5896.18799,-0.00322927
-5899.22510,-0.00811237
-5902.26221,0.01619542
-5908.44043,0.02751733
-5911.47754,-0.01361783
-5914.51465,-0.00048765
-5918.02295,0.02858846
-5921.00732,0.01771261
-5924.04443,-0.00996076
-5927.02881,-0.02569534
-5930.06592,-0.01498534
-5933.15527,0.01339525
-5936.13965,0.02976953
-5939.12402,0.00747541
-5942.10840,-0.02820861
-5945.14551,-0.02532538
-5948.12988,-0.00596553
-5951.63818,0.00100866
-5954.67529,-0.00999111
-5957.65967,-0.01309416
-5960.64404,-0.01061790
-5963.68115,-0.00759695
-5966.66553,-0.02527182
-5969.64990,-0.05895060
-5975.88086,-0.02963936
-5978.86523,0.06262125
-5981.74512,0.04553789
-5984.67725,-0.02419840
-5987.66162,-0.06354566
-5990.64600,-0.01369447
-5994.15430,0.04777252
-5997.08643,0.03951023
-5999.96631,-0.00229146
-6002.89844,-0.03071559
-6005.88281,-0.01121592
-6008.81494,0.02648308
-6011.69482,0.03163606
-6014.62695,0.00501745
-6017.50684,-0.00687717
-6020.43896,0.00116309
-6023.37109,0.01512019
-6026.30322,0.01786000
-6029.23535,0.00288162
-6032.63867,-0.00720724
-6038.60791,0.01324036
-6041.54004,0.01650840
-6044.47217,0.00781032
-6047.40430,-0.00333852
-6050.33643,-0.01095334
-6053.32080,0.00015008
-6056.30518,0.01495997
-6059.28955,0.01575248
-6062.27393,0.00517974
-6065.25830,-0.00919031
-6068.24268,-0.00740179
-6071.75098,-0.00456092
-6074.73535,-0.00698198
-6077.71973,-0.01749812
-6080.75684,-0.01883458
-6083.74121,-0.01056002
-6086.77832,0.00011402
-6089.76270,-0.00894458
-6092.79980,-0.03189386
-6095.78418,-0.02067301
-6098.76855,-0.00442725
-6104.94678,0.00865735
-6107.93115,-0.01866595
-6110.91553,-0.02044360
-6113.89990,-0.00487649
-6117.46045,0.00531481
-6120.44482,0.01062128
-6123.42920,0.00168767
-6126.36133,-0.00601527
-6129.34570,-0.03263496
-6132.33008,-0.00945673
-6135.31445,0.04546059
-6138.24658,0.05386644
-6141.12646,0.00615188
-6144.11084,-0.02948244
-6147.09521,-0.00563817
-6150.60352,0.04251033
-6153.53564,0.02817351
-6156.46777,-0.00842650
-6159.45215,-0.02539525
-6162.48926,0.00341840
-6165.47363,0.03282746
-6171.44287,0.04149619
-6174.42725,-0.02776977
-6177.35937,-0.01756250
-6180.34375,0.02040293
-6183.27588,0.02703023
-6186.20801,0.00602015
-6189.14014,-0.01770025
-6192.12451,-0.01663448
-6195.52783,0.00690560
-6198.45996,0.00817750
-6201.33984,-0.01294145
-6204.16748,-0.02841336
-6207.09961,-0.04594185
-6210.08398,-0.01659641
-6213.01611,0.03550280
-6215.84375,0.03937839
-6218.61865,-0.01519523
-6221.49854,-0.05556603
-6224.74463,-0.04476252
-6227.67676,0.01242691
-6230.50439,0.04098298
-6236.21143,-0.01604083
-6239.09131,-0.03416837
-6242.02344,0.00038183
-6244.79834,0.03254442
-6247.62598,0.01425435
-6250.45361,-0.01530134
-6253.33350,-0.00897126
-6256.10840,0.01408683
-6258.88330,0.01316384
-6261.65820,-0.00427630
-6264.48584,0.00018760
-6267.83691,0.01032489
-6270.61182,0.02406698
-6273.38672,0.00972522
-6276.16162,-0.00660739
-6278.98926,-0.01836550
-6281.81689,0.00523850
-6284.59180,0.01654255
-6287.36670,0.01091583
-6290.19434,-0.00931041
-6293.02197,-0.00127591
-6298.67676,0.01916603
-6301.39941,-0.04996838
-6304.22705,-0.06869745
-6307.57812,-0.00964809
-6310.45801,0.05291212
-6313.33789,0.08538211
-6316.11279,0.05545321
-6318.88770,-0.02560768
-6321.71533,-0.07190119
-6324.59521,-0.04129220
-6327.47510,-0.01755953
-6330.45947,-0.01339795
-6333.39160,0.02862754
-6336.27148,0.04923505
-6339.15137,-0.01213674
-6342.60693,-0.06100084
-6345.59131,-0.03055266
-6348.57568,0.02136139
-6351.50781,0.01234629
-6354.43994,-0.02530172
-6357.47705,-0.04306463
-6363.70801,0.04285499
-6366.69238,0.03734741
-6369.67676,-0.00786702
-6372.71387,-0.03150962
-6375.75098,0.00000010
-6378.78809,0.03958263
-6381.77246,0.02847997
-6385.28076,-0.00941600
-6388.37012,-0.02400733
-6391.45947,0.00529863
-6394.49658,0.03994543
-6397.48096,0.04038696
-6400.57031,0.00218806
-6403.60742,-0.01968800
-6406.64453,0.00439241
-6409.73389,0.02777173
-6412.77100,0.01712611
-6415.80811,-0.00379328
-6418.84521,-0.01591133
-6422.45801,-0.00291760
-6425.54736,-0.00476783
-6431.83057,0.02358536
-6434.91992,0.01958098
-6438.00928,-0.00420128
-6441.09863,-0.00446568
-6444.18799,0.01580839
-6447.27734,0.02418687
-6450.26172,-0.00694668
-6453.40332,-0.05936037
-6456.59717,-0.07117344
-6459.79102,-0.00666655
-6462.98486,0.05502728
-6466.07422,0.05330377
-6469.63477,-0.01624328
-6472.72412,-0.09167694
-6475.86572,-0.09434301
-6479.11182,-0.03213103
-6482.30566,0.03664809
-6485.55176,0.08135534
-6488.69336,0.05328291
-6491.73047,-0.01047847
-6494.81982,-0.07616611
-6501.31250,-0.15972289
-6504.55859,0.02614548
-6507.85742,0.08237115
-6511.15625,0.10885634
-6514.82129,0.05806051
-6518.01514,-0.02476450
-6521.26123,-0.07306008
-6524.45508,-0.04200401
-6527.75391,0.01995259
-6530.94775,0.06300735
-6534.08936,0.05174337
-6537.28320,-0.01869211
-6540.47705,-0.02916384
-6543.67090,-0.01415908
-6546.86475,0.02592569
-6550.05859,0.02620430
-6553.77637,0.01381740
-6556.97021,-0.01894424
-6560.21631,0.00150473
-6563.46240,0.01866626
-6566.65625,0.02473276
-6573.20117,-0.02651496
-6576.39502,-0.00311725
-6579.58887,0.00157901
-6582.78271,-0.02184055
-6586.08154,-0.02722958
-6589.27539,-0.00515969
-6592.46924,-0.00906321
-6595.71533,-0.01953771
-6598.90918,0.00105032
-6602.67920,0.01394102
-6605.87305,0.00255234
-6609.06689,-0.01265679
-6612.26074,-0.01568936
-6615.50684,0.00775566
-6618.70068,0.01358445
-6621.89453,0.00402434
-6625.08838,-0.02145260
-6628.28223,0.00657252
-6631.47607,0.03805323
-6634.61768,0.03288678
-6641.11035,-0.03066119
-6644.25195,0.00667704
-6647.96973,0.05296979
-6651.16357,0.04226040
-6654.30518,-0.00329405
-6657.49902,-0.01563403
-6660.69287,-0.00754440
-6663.83447,0.02380162
-6666.97607,0.02670815
-6670.11768,0.00694244
-6673.25928,-0.01370840
-6676.45312,-0.00075084
-6679.59473,0.02070211
-6682.78857,0.01355817
-6686.45361,-0.00464244
-6689.64746,-0.00994333
-6692.84131,-0.00139273
-6695.98291,0.01279661
-6699.12451,0.00086294
-6702.26611,-0.01568936
-6705.40771,-0.02897198
-6711.95264,-0.01101664
-6715.04199,0.00713008
-6718.23584,-0.02217417
-6721.42969,-0.04283098
-6724.57129,-0.01835402
-6727.76514,0.00969371
-6730.85449,0.01650504
-6734.46729,-0.01605092
-6737.66113,-0.03485095
-6740.80273,-0.01613498
-6744.25830,0.01319776
-6747.39990,0.01243683
-6750.54150,-0.01151036
-6753.73535,-0.02139756
-6756.87695,-0.00169111
-6759.96631,0.03219630
-6763.10791,0.02281230
-6766.19727,-0.01807145
-6769.33887,-0.03133695
-6772.42822,0.00537069
-6775.51758,0.04014376
-6781.69580,0.01920156
-6784.83740,-0.02462833
-6787.97900,-0.00841736
-6791.01611,0.01723618
-6794.10547,0.01185362
-6797.19482,0.00041330
-6800.23193,0.00187977
-6803.32129,0.00221858
-6806.35840,0.00348856
-6809.91895,0.00363869
-6812.95605,-0.00356504
-6816.09766,-0.02500400
-6819.23926,-0.00372195
-6822.27637,0.02525548
-6825.31348,0.00956737
-6828.35059,-0.02220085
-6831.43994,-0.02501822
-6834.58154,0.00602504
-6837.67090,0.01714065
-6840.65527,-0.00334124
-6844.21582,-0.04855589
-6850.65625,-0.08002140
-6853.79785,0.04940867
-6856.88721,0.05768059
-6859.87158,0.00405453
-6862.96094,-0.04905974
-6865.99805,-0.03694129
-6869.08740,-0.01199051
-6872.17676,0.01069076
-6875.26611,0.05660180
-6878.30322,0.03771797
-6881.39258,-0.00068098
-6884.42969,-0.03166720
-6888.04248,-0.01377046
-6891.13184,0.03291603
-6894.11621,0.05066473
-6897.10059,0.01424288
-6900.13770,-0.03423133
-6903.17480,-0.01350687
-6906.21191,0.03661794
-6909.24902,0.05430200
-6912.23340,0.01400634
-6918.35938,-0.04273580
-6921.34375,0.00067576
-6924.38086,0.00591566
-6927.31299,0.02697073
-6930.29736,0.00915466
-6933.70068,-0.01319575
-6936.73779,-0.02859536
-6939.72217,0.01106652
-6942.75928,0.04865343
-6945.69141,0.02705306
-6948.57129,-0.02964008
-6951.50342,-0.05906706
-6954.54053,-0.05503256
-6957.52490,-0.00217566
-6960.50928,0.05120094
-6963.91260,0.05594902
-6966.79248,-0.01779128
-6969.82959,-0.06987634
-6972.81396,-0.05138244
-6975.85107,-0.01300520
-6978.88818,0.02339890
-6984.90967,0.05216589
-6987.84180,-0.03901191
-6990.82617,-0.04489916
-6993.81055,-0.00596432
-6996.84766,0.03160491
-6999.72754,0.01708260
-7002.71191,-0.02458000
-7005.74902,-0.01999145
-7008.73340,0.02000482
-7012.18896,0.04384343
-7015.12109,0.00822671
-7018.10547,-0.02393231
-7021.14258,-0.01308321
-7024.17969,0.02494512
-7027.16406,0.03816710
-7030.14844,0.00346299
-7033.18555,-0.01515438
-7036.22266,0.00018908
-7039.25977,0.00881519
-7042.29688,-0.00585298
-7045.33398,0.01230119
-7051.51221,0.01298292
-7055.07275,0.00781841
-7058.05713,0.01800916
-7061.14648,0.00719093
-7064.18359,-0.01028860
-7067.27295,-0.01418916
-7070.36230,-0.00627589
-7073.39941,0.02200855
-7076.43652,0.00331243
-7079.47363,-0.02631122
-7082.56299,-0.03740653
-7085.65234,-0.00112580
-7089.26514,0.02666630
-7092.30225,0.01555818
-7095.33936,-0.03040282
-7098.48096,-0.05301000
-7101.62256,-0.02336606
-7104.71191,0.02040107
-7107.80127,0.01477500
-7110.89063,-0.01206813
-7113.97998,-0.02460751
-7120.31543,0.01154140
-7123.40479,0.00500933
-7126.44189,-0.01781794
-7129.53125,-0.01924495
-7132.67285,0.00940318
-7135.76221,0.01326310
-7139.37500,0.03889607
-7142.41211,0.02139023
-7145.44922,-0.00499004
-7148.53857,-0.01512327
-7151.62793,0.01609896
-7154.66504,0.02640811
-7157.75439,0.01067710
-7160.84375,0.00346147
-7163.93311,-0.00317853
-7167.02246,0.00685765
-7170.11182,0.01263206
-7173.67236,0.02003823
-7176.70947,0.00676168
-7179.79883,-0.01717064
-7182.88818,0.00048815
-7189.11914,0.04110924
-7192.20850,-0.01328986
-7195.24561,-0.01367115
-7198.28271,0.01109966
-7201.37207,0.00210577
-7204.40918,-0.02014706
-7207.44629,-0.02951550
-7210.53564,-0.00738976
-7213.62500,0.01712611
-7217.13330,0.00711563
-7220.17041,-0.02820229
-7223.20752,-0.04420648
-7226.29687,-0.01378292
-7229.38623,0.01645695
-7232.37061,0.01302309
-7235.35498,-0.01215371
-7238.39209,-0.02123148
-7241.48145,0.00277980
-7244.51855,0.01065759
-7247.55566,0.00281679
-7251.06396,-0.01114692
-7257.29492,-0.00526038
-7260.33203,0.02111072
-7263.36914,0.01545486
-7266.35352,0.00853243
-7269.33789,0.00022539
-7272.37500,-0.00011253
-7275.35938,-0.00756589
-7278.39648,-0.01503103
-7281.43359,0.01282892
-7284.41797,0.04634549
-7287.40234,0.02811435
-7290.43945,-0.01674539
-7293.47656,-0.03988630
-7296.56592,-0.01211620
-7300.12646,0.05179271
-7303.11084,0.05724247
-7306.14795,0.01782157
-7309.18506,-0.02926899
-7312.27441,-0.01898079
-7315.31152,0.02481298
-7318.34863,0.01951786
-7324.63184,-0.02446320
-7327.66895,0.01322279
-7330.70605,-0.00150046
-7333.79541,-0.03177220
-7337.40820,-0.02094066
-7340.54980,0.00409540
-7343.58691,0.00682569
-7346.62402,-0.01503817
-7349.76563,-0.04497572
-7352.90723,-0.03625642
-7355.99658,-0.01361879
-7359.08594,-0.00228866
-7362.22754,-0.00556638
-7365.31689,0.00352608
-7368.40625,0.00552092
-7372.07129,-0.02121513
-7375.10840,-0.02611328
-7378.25000,-0.00967795
-7381.44385,0.01261924
-7384.53320,0.05839157
-7387.62256,0.03216574
-7393.90576,-0.05823343
-7396.99512,0.01177860
-7400.08447,0.04596026
-7403.06885,0.02795964
-7406.10596,-0.01732093
-7409.24756,-0.02103634
-7412.80811,0.01910347
-7415.94971,0.05249023
-7418.98682,0.03705948
-7421.97119,-0.00384330
-7425.06055,-0.02876886
-7428.14990,-0.01099085
-7431.18701,0.02851450
-7434.22412,0.04585673
-7437.26123,0.01966000
-7440.29834,-0.02606515
-7443.38770,-0.02333687
-7446.94824,0.01330656
-7450.03760,0.01562771
-7453.07471,0.00627844
-7456.11182,-0.01705446
-7462.34277,-0.05417737
-7465.37988,0.00886721
-7468.46924,-0.02901188
-7471.50635,-0.02498771
-7474.54346,-0.01263719
-7477.58057,-0.00217921
-7480.66992,-0.02346484
-7483.75928,-0.02334238
-7486.79639,-0.00331108
-7489.88574,-0.00285609
-7492.92285,-0.01129554
-7496.58789,-0.00892735
-7499.62500,0.00398026
-7502.66211,0.01024062
-7505.80371,0.00176304
-7508.89307,0.00033767
-7511.93018,0.02475526
-7515.07178,0.00265198
-7518.10889,0.00086347
-7521.19824,-0.00552540
-7527.58594,0.03561212
-7530.67529,0.05467642
-7533.65967,0.04157114
-7537.27246,-0.01091799
-7540.36182,-0.02327141
-7543.50342,0.00319456
-7546.54053,0.03537298
-7549.57764,0.02928875
-7552.61475,-0.01114317
-7555.70410,-0.01714351
-7558.79346,0.01422838
-7561.77783,0.02776609
-7564.76221,0.01097563
-7567.74658,-0.01115450
-7570.78369,-0.01094027
-7574.23926,0.01299463
-7577.17139,0.01442274
-7580.10352,-0.04644888
-7583.03564,-0.06303388
-7586.02002,-0.02289130
-7588.95215,0.01191775
-7594.92139,0.05100418
-7597.80127,-0.00623324
-7600.62891,-0.05006064
-7603.56104,-0.03653563
-7606.49316,-0.00841227
-7609.37305,0.02072769
-7612.14795,-0.00744087
-7614.97559,-0.03745167
-7618.32666,-0.03209826
-7621.15430,0.00360110
-7623.92920,0.01986375
-7626.70410,-0.00622817
-7629.53174,-0.00691475
-7632.41162,0.03984057
-7635.13428,0.04668403
-7637.85693,0.02069831
-7640.57959,-0.02689164
-7643.40723,-0.03700135
-7646.18213,0.01121708
-7648.95703,0.05266608
-7652.09863,0.05458992
-7663.35596,-0.09027981
-7666.18359,0.02549860
-7668.90625,0.05037012
-7671.52441,0.04100592
-7674.24707,-0.02142939
-7676.91748,-0.06343420
-7679.69238,-0.01875572
-7682.41504,0.03426189
-7685.08545,0.06268305
-7687.70361,0.02502014
-7690.42627,-0.03695630
-7693.14893,-0.04305289
-7695.87158,0.00210620
-7698.48975,0.01969752
-7701.10791,-0.00882954
-7703.77832,-0.04778959
-7706.50098,-0.01875572
-7709.17139,0.03709882
-7711.78955,0.03606318
-7714.82666,-0.03832400
-7717.54932,-0.06243435
-7723.04688,0.00077252
-7725.71729,0.01944420
-7728.28271,-0.02074003
-7730.95312,-0.04241681
-7733.62354,-0.03865753
-7736.24170,0.00602382
-7739.06934,0.00264813
-7741.73975,-0.04436002
-7744.46240,-0.03315194
-7747.29004,0.01299971
-7750.01270,0.05584172
-7752.63086,0.05241855
-7755.19629,-0.01481260
-7757.86670,-0.05973038
-7760.53711,-0.02159542
-7763.20752,0.03556800
-7765.77295,0.04567150
-7768.33838,-0.01838061
-7770.95654,-0.04378087
-7773.73145,0.00826595
-7776.34961,0.06785437
-7781.63818,0.05104037
-7784.20361,-0.03682768
-7786.82178,-0.02146092
-7789.38721,-0.02059379
-7792.05762,0.01049125
-7794.72803,0.03062782
-7797.34619,0.05570523
-7799.85938,0.04439411
-7802.37256,-0.02032709
-7804.99072,-0.06370074
-7807.60889,-0.04334988
-7810.69824,0.01060921
-7813.31641,0.06226901
-7815.88184,0.06602015
-7818.44727,0.02026443
-7821.01270,-0.01700998
-7823.63086,-0.02283481
-7826.24902,0.00330666
-7828.81445,0.02450528
-7831.37988,-0.01230369
-7833.94531,-0.01944256
-7839.12891,-0.00795795
-7841.69434,0.02243185
-7844.62646,-0.00926306
-7847.08740,-0.04213393
-7849.60059,-0.04736835
-7852.21875,-0.03477095
-7854.78418,0.00520391
-7857.34961,0.04894704
-7859.75830,0.03369570
-7862.21924,-0.03862893
-7864.73242,-0.06186897
-7867.29785,-0.01690088
-7869.75879,0.03974079
-7872.63867,0.05231151
-7875.09961,0.00322664
-7877.56055,-0.03185093
-7880.12598,-0.02727852
-7882.63916,0.00289496
-7885.15234,0.03901020
-7887.61328,0.03409791
-7890.07422,-0.00446386
-7895.20557,-0.02851475
-7897.77100,0.02732409
-7900.28418,0.03867431
-7902.79736,0.01650504
-7905.31055,-0.00273945
-7907.92871,-0.00537866
-7910.91309,0.01234255
-7913.47852,0.02465004
-7915.99170,0.01865457
-7918.55713,-0.00806496
-7921.12256,-0.01858722
-7923.74072,-0.00401863
-7926.30615,0.01845563
-7928.87158,0.02233168
-7931.43701,0.00670815
-7934.05518,-0.01429763
-7936.67334,-0.01969834
-7939.23877,0.01811803
-7942.22314,0.04038339
-7944.73633,0.01819676
-7947.24951,-0.01983829
-7954.89404,-0.01421680
-7957.35498,0.00776645
-7959.92041,-0.05360787
-7962.95752,-0.03460800
-7965.47070,0.03071563
-7967.98389,0.02862124
-7970.49707,-0.02179859
-7973.01025,-0.03936800
-7975.52344,-0.03979155
-7978.08887,-0.02986519
-7980.60205,0.01162855
-7983.16748,0.02957832
-7985.62842,0.01664734
-7988.14160,-0.03315195
-7991.12598,-0.06822695
-7993.63916,-0.01231367
-7996.15234,0.03802230
-7998.66553,0.03695599
-8001.12646,-0.00664088
-8003.58740,-0.03424098
-8006.04834,-0.02429502
-8011.17969,-0.01006600
-8013.69287,0.02224116
-8016.20605,0.03347031
-8018.61475,0.02860959
-8021.07568,-0.00448021
-8023.53662,-0.02261679
-8025.94531,-0.00266602
-8028.77295,0.01394102
-8031.23389,-0.00678957
-8033.69482,0.02307875
-8036.10352,0.03984598
-8038.51221,0.01988762
-8040.92090,-0.00850002
-8043.32959,-0.02073961
-8045.73828,-0.00127513
-8048.14697,0.02171250
-8050.45068,0.01919956
-8052.75439,-0.02452750
-8055.47705,-0.06498174
-8057.88574,-0.03144099
-8062.80762,0.06422465
-8065.11133,0.06011926
-8067.46729,0.03290267
-8069.82324,-0.01320672
-8072.12695,-0.02731202
-8074.43066,-0.01740531
-8076.73437,-0.02888382
-8079.09033,-0.02711634
-8081.44629,0.00514953
-8083.80225,0.04915000
-8086.10596,0.03999206
-8088.30518,-0.03974545
-8091.02783,-0.10427216
-8093.38379,-0.05174787
-8095.73975,0.01629398
-8098.04346,0.07388239
-8100.24268,0.05438054
-8102.44189,-0.02470263
-8104.64111,-0.08038703
-8106.89258,-0.07501591
-8109.19629,-0.02234982
-8113.85645,0.10910623
-8116.05566,0.04922000
-8118.20264,-0.02480011
-8120.45410,-0.06269805
-8123.07227,-0.03424476
-8125.32373,0.03248492
-8127.47070,0.04195487
-8129.61768,0.00612308
-8131.71191,-0.03104653
-8133.85889,-0.04276748
-8136.05811,-0.03900955
-8138.25732,-0.00018771
-8140.40430,0.06768443
-8142.55127,0.08762107
-8144.59326,0.02509516
-8146.89697,-0.06961451
-8148.99121,-0.08307810
-8151.13818,-0.02753661
-8153.28516,0.04821202
-8155.37939,0.10437161
-8157.47363,0.06845557
-8161.45312,-0.07394565
-8163.49512,-0.07163780
-8165.53711,-0.01018836
-8167.57910,0.05731750
-8169.51660,0.06497608
-8171.50635,-0.00218053
-8173.49609,-0.01159114
-8175.48584,0.02328870
-8177.37061,0.03343267
-8179.51758,-0.01850793
-8181.40234,-0.07653522
-8183.33984,-0.05333195
-8185.27734,0.01372919
-8187.21484,0.07041764
-8189.04736,0.06723426
-8190.82764,-0.00910548
-8192.66016,-0.03076564
-8194.44043,0.01770901
-8196.16797,0.05001294
-8197.89551,0.00734682
-8199.57129,-0.03482973
-8203.13184,-0.02147426
-8204.80762,0.02506087
-8206.69238,0.00666595
-8208.31543,-0.02842506
-8209.99121,-0.02976474
-8211.56152,0.00814180
-8213.18457,0.01361460
-8214.70313,-0.01722570
-8216.22168,-0.00706507
-8217.74023,-0.03484388
-8219.25879,-0.04588583
-8220.88184,-0.00105032
-8222.34766,0.04082907
-8223.81348,0.04109176
-8225.54102,-0.00329198
-8226.95508,-0.03481063
-8228.47363,-0.04869977
-8229.99219,-0.01075081
-8231.40625,0.02511374
-8232.82031,0.02798354
-8234.23438,-0.02895884
-8237.16699,-0.07065160
-8238.63281,0.04540733
-8239.94141,0.05565629
-8241.30273,-0.02854651
-8242.87305,-0.08172721
-8244.28711,-0.05359182
-8245.75293,-0.00414809
-8247.11426,0.05851786
-8248.52832,0.08689595
-8249.73242,0.02209874
-8251.04102,-0.05491676
-8252.34961,-0.06392244
-8253.71094,-0.01481702
-8254.96777,0.04062490
-8256.22461,0.05273038
-8257.63867,0.00499011
-8258.89551,-0.03695630
-8260.15234,-0.01830559
-8261.35645,0.02483258
-8262.50879,0.02745838
-8263.66113,-0.00525160
-8266.01758,-0.00910731
-8267.16992,-0.02134986
-8268.32227,-0.01047536
-8269.47461,0.03526659
-8270.52148,0.04545216
-8271.51660,-0.00195814
-8272.61621,-0.04598904
-8273.76855,-0.01924337
-8274.97266,0.04220330
-8275.96777,0.02733612
-8276.96289,-0.03925531
-8278.00977,-0.06703296
-8279.16211,-0.01192621
-8280.20898,0.05895448
-8281.36133,0.08089653
-8282.30371,0.01141508
-8283.24609,-0.05321350
-8284.29297,-0.03702380
-8285.39258,0.02217760
-8286.33496,0.04462709
-8287.22461,0.01899238
-8289.00488,-0.07077342
-8290.00000,-0.01778400
-8290.94238,0.02987961
-8291.78027,0.05078473
-8292.66992,0.00240024
-8293.50781,-0.03979965
-8294.39746,-0.02370724
-8295.28711,0.00437435
-8296.12500,0.02569534
-8296.96289,0.02457000
-8297.80078,-0.00071257
-8298.74316,-0.01355118
-8299.58105,-0.00291307
-8300.36621,0.00131397
-8301.20410,-0.00727722
-8301.98926,0.00210235
-8302.77441,0.01537656
-8303.55957,0.00221678
-8304.29297,-0.01575481
-8305.07813,-0.01564227
-8306.59668,0.02256100
-8307.27734,-0.00406273
-8308.01074,-0.03189316
-8308.79590,-0.02128765
-8309.68555,0.02823768
-8310.36621,0.04603592
-8311.04687,0.01041426
-8311.78027,-0.03053432
-8312.46094,-0.02764594
-8313.19434,0.00495252
-8313.87500,0.01128865
-8314.55566,-0.00285551
-8315.28906,0.00503166
-8315.96973,0.01445366
-8316.65039,0.01024271
-8317.43555,-0.01337576
-8318.06348,-0.01231878
-8318.69141,0.00476395
-8319.26758,-0.00142573
-8319.89551,-0.02724440
-8320.57617,-0.02966824
-8321.99023,0.05207552
-8322.56641,0.04634577
-8323.08984,-0.00296340
-8323.71777,-0.04481706
-8324.39844,-0.02367936
-8324.97461,0.02259847
-8325.55078,0.02483764
-8326.23145,-0.00977795
-8326.80762,-0.02547546
-8327.43555,-0.01126947
-8327.95898,0.01955128
-8328.53516,0.01603043
-8329.11133,-0.00510156
-8329.68750,-0.01001556
-8330.26367,0.00101425
-8330.83984,0.00330101
-8331.41602,-0.00750076
-8332.09668,-0.00315646
-8332.67285,0.00671728
-8333.19629,-0.00296579
-8333.71973,-0.00756336
-8334.76660,0.00053654
-8335.34277,-0.00457640
-8335.91895,-0.00920340
-8336.49512,0.00498902
-8337.07129,0.00942879
-8337.64746,0.00412626
-8338.17090,-0.00195060
-8338.74707,-0.00495252
-8339.27051,0.00203386
-8339.89844,0.00026515
-8340.42187,-0.01550484
-8340.99805,-0.01182092
-8341.57422,0.01374595
-8342.04590,0.01838061
-8342.56934,-0.00517658
-8343.09277,-0.02700825
-8343.56445,-0.02884044
-8344.08789,-0.00791975
-8344.55957,0.00132893
-8345.03125,0.00132492
-8345.60742,-0.00505386
-8346.49707,0.01986392
-8346.91602,-0.01495082
-8347.38770,-0.01369725
-8347.80664,0.00885630
-8348.22559,0.02646710
-8348.59180,0.02736391
-8348.95801,-0.00371514
-8349.27246,-0.02481554
-8349.63867,-0.01077674
-8350.00488,0.00405124
-8350.31934,0.01215371
-8350.63379,0.00976800
-8350.89551,-0.00330034
-8351.20996,-0.00889745
-8351.47168,-0.00030015
-8351.68066,0.01042873
-8351.88965,0.00201481
-8352.04687,-0.01085342
-8352.25586,-0.00519027
-8352.41309,0.00896524
-8352.57031,0.00642490
-8352.77930,-0.01387206
-8352.88379,-0.00386368
-8352.93652,-0.00071272
-8352.98926,0.00465348
-8353.04199,0.00457733
-8353.04199,0.00041657
-8353.04199,-0.00078742
-8353.04199,0.00202356
-8353.04199,0.00236274
-8353.04199,-0.00146116
-8353.04199,-0.00123611
-8353.04199,0.00179835
-8353.04199,0.00026221
-8353.04199,-0.00162659
-8353.04199,-0.00022745
-8353.04199,0.00143501
-8353.04199,-0.00056336
-8353.04199,-0.00026237
-8353.04199,0.00048755
-8353.04199,0.00059945
-8353.04199,0.00000010
-8353.04199,0.00018926
-8353.04199,-0.00029979
-8353.04199,0.00048973
-8353.04199,0.00026478
-8353.04199,-0.00067479
-8353.04199,-0.00033726
-8353.04199,0.00011253
-8353.04199,-0.00052441
-8353.04199,-0.00044950
-8353.04199,-0.00041204
-8353.04199,0.00074916
-8353.04199,-0.00033726
-8353.04199,0.00026368
-8353.04199,-0.00064548
-8353.04199,-0.00003785
-8353.04199,0.00011272
-8353.04199,0.00015011
-8353.04199,0.00041204
-8353.04199,-0.00029966
-8353.04199,0.00041204
-8353.04199,0.00026221
-8353.04199,-0.00049276
-8353.04199,0.00011242
-8353.04199,0.00022084
-8353.04199,-0.00003750
-8353.04199,-0.00093779
-8353.04199,-0.00082408
-8353.04199,0.00014983
-8353.04199,-0.00011237
-8353.04199,0.00067424
-8353.04199,0.00015008
-8353.04199,-0.00044959
-8353.04199,0.00087172
-8353.04199,0.00037763
-8353.04199,-0.00039518
-8353.04199,-0.00026327
-8353.04199,0.00067424
-8353.04199,0.00044950
-8353.04199,0.00014983

