0.00000,0.00044079
0.00000,0.00034525
0.00000,-0.00071591
0.00000,-0.00033623
0.00000,0.00014944
0.00000,0.00033623
0.00000,0.00018683
0.00000,-0.00057103
0.00000,-0.00056902
0.00000,0.00029887
0.00000,-0.00026151
0.00000,0.00003737
0.00000,0.00014965
0.00000,0.00063497
0.00000,0.00000010
0.00000,0.00000010
0.00000,0.00008734
0.00000,0.00011224
0.00000,-0.00037855
0.00000,0.00015050
0.00000,0.00041204
0.00000,0.00041111
0.00000,0.00029924
0.00000,0.00022415
0.00000,0.00056038
0.00000,-0.00026212
0.00000,0.00000010
0.00000,-0.00018817
0.00000,-0.00029911
0.00000,-0.00041103
0.00000,0.00026156
0.00000,-0.00011251
0.00000,0.00003736
0.00000,0.00078453
0.00000,0.00000010
0.00000,0.00052270
0.00000,0.00030613
0.00000,0.00037366
0.00000,-0.00022690
0.00000,0.00033863
0.00000,0.00000010
0.00000,-0.00011212
0.00000,-0.00007472
0.00000,-0.00026151
0.00000,-0.00059774
0.00000,0.00034962
0.00000,0.00014962
0.00000,0.00003737
0.00000,0.00018824
0.00000,0.00029911
0.00000,0.00007475
0.00000,-0.00080738
0.00000,-0.00044831
0.00000,0.00000010
0.00000,-0.00037344
0.00000,0.00030613
0.00000,-0.00026156
0.00000,-0.00022708
0.00000,-0.00037672
0.00000,-0.00044968
0.00000,-0.00011221
0.00000,0.00037359
0.00000,-0.00011208
0.00000,0.00014944
0.00000,0.00030592
0.00000,0.00044876
0.00000,0.00059774
0.00000,0.00071011
0.00000,-0.00041405
0.00000,-0.00145878
-0.05236,-0.00183320
-0.05236,-0.00149710
-0.05236,-0.00109256
-0.05236,-0.00160708
-0.05236,-0.00190686
-0.10472,-0.00140741
-0.15708,0.00003744
-0.15708,-0.00011361
-0.20944,0.00007539
-0.26180,0.00041330
-0.36652,-0.00093550
-0.47124,-0.00187099
-0.62832,-0.00161896
-0.78540,-0.00026205
-0.99484,0.00295979
-1.15192,0.00299420
-1.41372,-0.00291875
-1.67552,0.00044950
-1.98968,0.01259808
-2.35619,0.01241376
-2.77507,0.00565270
-3.29867,-0.00831359
-3.82227,-0.00573341
-4.39823,0.00497887
-4.97419,0.00539615
-5.60251,0.00434159
-6.28319,-0.00273276
-6.96386,-0.00413202
-7.74926,-0.00079207
-9.42478,0.00327063
-10.31490,0.00941346
-11.20501,0.00329563
-12.25221,0.00030715
-13.24705,-0.00254922
-14.24189,0.00123813
-15.23672,0.01288556
-16.23156,0.01615098
-17.33112,0.00359260
-18.37832,-0.00762102
-19.53023,-0.00239682
-20.68215,0.01153707
-21.83407,0.03070931
-23.30014,-0.00516858
-24.60914,-0.03017073
-26.02286,-0.01621932
-27.48893,0.03017148
-28.95501,0.05473731
-30.42108,0.03336845
-31.93952,-0.01054024
-33.56268,-0.04061487
-35.23819,-0.02764031
-36.86135,0.01730913
-40.42182,-0.00323432
-42.20205,0.00689087
-44.34881,0.04674438
-46.07668,0.03338870
-47.90928,-0.00970846
-49.79424,-0.03393105
-51.67919,-0.01415913
-53.56415,0.01464137
-55.44910,0.02464737
-57.38642,0.00003747
-59.32374,-0.02707775
-61.31341,-0.02030224
-63.66961,-0.00932647
-65.71164,0.00596311
-67.70132,-0.00128966
-69.79572,-0.01566879
-71.83775,-0.02542626
-73.93215,-0.02240446
-76.02655,-0.01179687
-78.17330,-0.00217301
-80.32005,-0.00372421
-82.51917,-0.00919966
-84.71828,-0.01571410
-89.37830,-0.00665588
-91.68214,0.01755408
-94.35249,0.01042840
-96.65633,-0.01517050
-98.96016,-0.03273163
-101.31635,-0.02004821
-103.72491,0.00735374
-106.13346,0.02926488
-108.48965,0.01697963
-110.84585,-0.01931054
-113.25440,-0.04087084
-115.76768,-0.01569715
-118.22859,0.02783160
-121.10838,0.04935304
-123.56930,0.01634501
-126.03021,-0.01751072
-128.54349,-0.02857255
-131.05676,-0.00865986
-133.62239,0.02118103
-136.13567,0.03547785
-138.70129,0.01837313
-141.26692,-0.00812164
-146.50291,-0.01857522
-149.12091,0.03198424
-151.63419,0.04308067
-154.14746,0.01223371
-157.07962,-0.01862538
-159.59290,-0.01589191
-162.10617,0.00622310
-164.56708,0.01668898
-167.13271,-0.00849273
-169.69833,-0.00887977
-172.21161,0.02063570
-174.67252,0.02372542
-177.13342,0.00127487
-179.59433,-0.01891818
-182.05524,-0.01838789
-184.88268,-0.00455933
-187.29123,0.01514846
-189.64743,0.01912305
-192.05598,-0.00720840
-194.46454,-0.00311345
-196.82074,0.00071214
-199.22929,0.00762412
-204.09875,0.02961593
-206.45496,0.01622924
-208.81116,0.01708912
-211.21971,0.02612952
-213.62827,0.04240818
-216.45570,0.07975709
-218.86426,0.08090039
-221.22046,0.08866800
-223.62901,0.08766786
-226.08992,0.10435188
-228.55083,0.14502400
-231.11646,0.20014809
-233.68208,0.25847226
-236.30008,0.31749052
-238.86571,0.34950575
-241.48370,0.30360204
-244.57294,0.27254900
-247.24329,0.16519831
-249.86128,0.10756278
-252.26984,0.04986992
-254.52132,-0.00319886
-256.87750,-0.02298971
-261.69461,0.07325257
-264.10318,0.08609124
-266.51175,0.05540070
-268.86795,-0.00683863
-271.11942,-0.06296463
-273.42325,-0.10362952
-275.72708,-0.10153966
-278.44980,-0.10287568
-280.80600,-0.11606455
-283.10983,-0.15891910
-285.41367,-0.20146345
-287.82224,-0.22956663
-290.28314,-0.19728568
-292.74405,-0.14295644
-295.20496,-0.11612156
-297.61353,-0.15786429
-300.07443,-0.20975365
-303.00659,-0.23848094
-305.51987,-0.15586008
-307.92844,-0.11901367
-310.38934,-0.14050707
-315.41589,-0.36963904
-317.87680,-0.14605202
-320.39008,-0.13875519
-322.79865,-0.14509450
-325.15485,-0.15265869
-327.51105,-0.14646389
-329.86725,-0.13432147
-332.17108,-0.14091945
-334.47491,-0.15990634
-336.77875,-0.15977123
-339.08258,-0.15223932
-341.38641,-0.14566483
-343.74261,-0.13889444
-346.41296,-0.15713233
-348.76917,-0.12612532
-351.12537,-0.11258841
-353.48157,-0.11235319
-355.89014,-0.07409246
-358.29871,-0.08982069
-360.65491,-0.08660226
-363.74414,-0.10737588
-367.82822,-0.12359486
-372.95947,-0.12635204
-375.42038,-0.06068876
-377.82895,-0.06467556
-380.34222,-0.07129795
-382.75079,-0.06247212
-385.21170,-0.05358204
-387.67261,-0.05903406
-390.50003,-0.07692526
-393.06567,-0.06543500
-395.57895,-0.05114258
-398.09222,-0.05020627
-400.60550,-0.05038475
-403.11877,-0.05369921
-405.73676,-0.05261786
-408.35474,-0.04029894
-410.97272,-0.03868818
-413.59070,-0.04673027
-416.26105,-0.04994492
-419.45499,-0.06021261
-422.17770,-0.04943870
-424.95279,-0.04962105
-430.66000,-0.09781741
-433.48743,-0.04440169
-436.36722,-0.04314932
-439.24701,-0.04417050
-442.17917,-0.04495389
-445.11133,-0.04282669
-448.09586,-0.04132920
-451.13272,-0.04077137
-454.16959,-0.03459229
-457.25882,-0.03182913
-460.34805,-0.03043992
-463.96088,-0.03224916
-467.10248,-0.03251581
-470.24408,-0.03021515
-473.49039,-0.02251858
-476.68433,-0.01742863
-479.87827,-0.02013545
-483.17694,-0.03491084
-486.47562,-0.04000209
-489.82666,-0.02644557
-493.17770,-0.01398323
-499.98450,-0.04718130
-503.38788,-0.03308794
-506.79126,-0.02210249
-510.82297,-0.00876336
-514.22638,-0.02635445
-517.73450,-0.01740891
-521.19025,-0.01167793
-525.01251,-0.02221786
-528.57300,-0.02394910
-532.13348,-0.01971496
-535.69397,-0.01542348
-539.25446,-0.02478041
-542.81494,-0.04120031
-546.42780,-0.04832973
-550.66895,-0.05210247
-554.38647,-0.04366174
-558.10400,-0.05013643
-561.76917,-0.05391106
-565.38202,-0.05071260
-569.04718,-0.05647771
-572.66003,-0.06373054
-576.37756,-0.06409135
-583.96973,-0.10316311
-587.68726,-0.04884603
-591.45715,-0.05300226
-595.27942,-0.05088765
-598.99695,-0.04427398
-602.76685,-0.02794034
-606.48438,-0.02634908
-610.25427,-0.03862893
-614.07654,-0.04100836
-617.84644,-0.02147570
-621.66870,-0.00895976
-625.54333,-0.01278244
-629.36560,-0.02218731
-633.29260,-0.02066716
-637.21960,-0.01750310
-641.14661,-0.00856827
-645.07361,-0.00089936
-649.05298,-0.00701464
-653.66064,-0.02335520
-657.69238,-0.02830620
-661.72412,-0.02038499
-669.94464,-0.03573971
-674.02869,-0.04673212
-678.16510,-0.07019269
-682.30151,-0.04936237
-686.43793,-0.03585989
-690.62671,-0.04246791
-694.76312,-0.06699181
-699.00427,-0.08237115
-703.19305,-0.06762934
-707.43420,-0.04492862
-712.35602,-0.05333433
-716.70190,-0.06461387
-720.99542,-0.07764705
-725.34131,-0.06158119
-729.63483,-0.03286003
-733.92834,-0.02987229
-738.27423,-0.05636824
-742.67249,-0.06805263
-747.12305,-0.04424812
-751.57361,-0.01946448
-756.02417,-0.02578522
-765.29187,-0.11492682
-769.89954,-0.04539447
-774.45483,-0.01896920
-779.84790,-0.02971296
-784.45557,-0.05235533
-789.11560,-0.06419267
-793.77563,-0.04927512
-798.43567,-0.03951023
-803.14807,-0.05331957
-807.86047,-0.07889035
-812.62524,-0.08264519
-817.44238,-0.06362198
-822.20715,-0.05991494
-826.97192,-0.08115377
-832.57440,-0.10092773
-837.81036,-0.08740361
-842.67981,-0.05918249
-847.49695,-0.05971926
-852.36639,-0.08153760
-857.28821,-0.08039373
-862.26239,-0.05692794
-867.28894,-0.05166498
-877.49915,-0.11997829
-882.47333,-0.05682671
-887.60461,-0.05308131
-892.63116,-0.05761990
-897.65771,-0.05902481
-902.78900,-0.05347656
-907.86792,-0.05583182
-913.05157,-0.06455737
-918.23523,-0.06403000
-923.41888,-0.06263276
-928.55017,-0.06285806
-933.68146,-0.07529391
-938.91742,-0.07867200
-944.10107,-0.06732944
-950.17480,-0.07719173
-955.35846,-0.07107851
-960.64679,-0.07389013
-965.83044,-0.06957509
-971.11877,-0.06491093
-976.40710,-0.06994168
-981.64307,-0.07403280
-992.32446,-0.13684720
-997.61279,-0.06339314
-1002.84875,-0.06077945
-1008.13708,-0.05175838
-1013.47778,-0.05095091
-1018.92322,-0.04228893
-1024.36865,-0.03739710
-1029.81409,-0.04400464
-1035.20715,-0.05215557
-1040.54785,-0.05295043
-1045.94092,-0.04255801
-1052.22412,-0.05347113
-1057.61719,-0.07518131
-1063.06262,-0.10209229
-1068.50806,-0.09184561
-1074.00586,-0.06818424
-1079.45129,-0.07025001
-1085.05383,-0.08339448
-1090.55164,-0.08073376
-1096.10181,-0.07071472
-1101.65198,-0.07069711
-1112.90930,-0.12243374
-1118.87830,-0.05995259
-1124.53320,-0.06425074
-1130.24048,-0.06624301
-1135.94775,-0.06564070
-1141.65503,-0.06333282
-1147.46692,-0.05881740
-1153.12183,-0.03442501
-1158.82910,-0.04085638
-1164.48401,-0.05694837
-1170.13892,-0.06498305
-1176.78857,-0.08121485
-1182.44348,-0.07016730
-1188.15076,-0.07814818
-1193.80566,-0.08321556
-1199.56531,-0.08970994
-1205.27258,-0.09414014
-1210.92749,-0.09588779
-1216.63477,-0.08441551
-1222.34204,-0.07749866
-1233.96594,-0.15887927
-1239.67322,-0.06810514
-1245.43286,-0.06060447
-1252.18726,-0.06699783
-1258.10388,-0.05225121
-1264.02051,-0.05174574
-1269.93713,-0.05673994
-1275.85376,-0.04976924
-1281.77039,-0.03964706
-1287.73938,-0.03488855
-1293.65601,-0.04363725
-1299.62500,-0.05691080
-1305.54163,-0.06705879
-1311.51062,-0.07041984
-1317.47961,-0.08195802
-1323.50098,-0.07766922
-1329.46997,-0.07403290
-1336.48621,-0.10150780
-1342.45520,-0.09461158
-1348.47656,-0.08317981
-1360.67639,-0.13803951
-1366.64539,-0.06448580
-1372.61438,-0.07319126
-1378.68811,-0.06548568
-1384.70947,-0.04509124
-1390.67847,-0.04560130
-1396.69983,-0.05880366
-1402.66882,-0.06702607
-1408.69019,-0.05743923
-1414.76392,-0.04296884
-1420.78528,-0.04187982
-1427.80151,-0.06516996
-1433.87524,-0.07843260
-1439.94897,-0.09588077
-1446.12744,-0.09068815
-1452.25354,-0.07025675
-1458.43201,-0.06295954
-1464.61047,-0.07456630
-1470.84131,-0.08460554
-1477.07214,-0.08925286
-1483.40771,-0.09128354
-1496.39294,-0.15450087
-1502.72852,-0.08056699
-1509.22119,-0.08766037
-1515.71387,-0.08641682
-1522.15417,-0.08180647
-1529.69397,-0.07793026
-1536.13428,-0.05012174
-1542.57458,-0.04678729
-1549.01489,-0.06158130
-1555.50757,-0.08239965
-1561.94788,-0.09404336
-1568.38818,-0.08890079
-1574.82849,-0.07863824
-1581.32117,-0.08617665
-1587.76147,-0.10522856
-1594.14941,-0.10412286
-1601.68921,-0.10031258
-1608.07715,-0.07216215
-1614.51746,-0.07286531
-1620.90540,-0.07337762
-1633.94299,-0.13495186
-1640.38330,-0.06302913
-1646.82361,-0.06396629
-1653.42090,-0.06135014
-1659.80884,-0.06407416
-1666.19678,-0.06425357
-1672.58472,-0.05674040
-1678.92029,-0.05711023
-1685.36060,-0.08131246
-1691.74854,-0.09963907
-1698.13647,-0.09216557
-1704.57678,-0.06998846
-1710.96472,-0.07130693
-1717.45740,-0.09935931
-1724.99719,-0.13389465
-1731.48987,-0.09491359
-1737.93018,-0.06358191
-1744.42285,-0.05533655
-1750.91553,-0.07644454
-1757.46057,-0.08518851
-1764.05786,-0.06038049
-1777.56665,-0.07659183
-1784.26868,-0.06432254
-1790.91833,-0.05850632
-1797.51563,-0.04708858
-1804.16528,-0.05576926
-1810.76257,-0.09607145
-1817.41223,-0.12575522
-1825.21387,-0.13728598
-1831.91589,-0.09920213
-1838.56555,-0.10493710
-1845.26758,-0.12208513
-1852.07434,-0.11282290
-1858.77637,-0.08604366
-1865.47839,-0.06442547
-1872.18042,-0.06693736
-1878.93481,-0.07801805
-1885.74158,-0.07495887
-1892.54834,-0.05615615
-1900.50708,-0.06310733
-1907.31384,-0.06997826
-1921.39868,-0.13207950
-1928.31018,-0.05579521
-1935.16931,-0.08289874
-1942.02844,-0.11513197
-1948.88757,-0.11603793
-1955.74670,-0.09155969
-1962.65820,-0.08029740
-1969.46497,-0.08946370
-1976.32410,-0.11823759
-1983.18323,-0.13194393
-1990.04236,-0.10850021
-1996.95386,-0.07498187
-2003.86536,-0.07606424
-2010.67212,-0.09254107
-2018.68323,-0.10285415
-2025.54236,-0.07194696
-2032.45386,-0.05249948
-2039.26062,-0.03347383
-2046.06738,-0.03691126
-2052.87427,-0.06075576
-2060.15234,-0.10481618
-2074.23706,-0.24754101
-2081.04395,-0.10296094
-2087.74609,-0.11817976
-2094.44824,-0.15003307
-2101.35986,-0.16453671
-2108.16675,-0.13993092
-2114.92114,-0.08371864
-2121.67554,-0.03800391
-2128.53467,-0.03985693
-2135.39380,-0.06832061
-2142.20068,-0.05628843
-2149.05981,-0.00172974
-2155.86670,0.03279880
-2162.62109,0.00244569
-2169.37549,-0.06442547
-2176.12988,-0.10235795
-2182.88428,-0.08455933
-2190.73828,-0.07136355
-2197.59741,-0.07299728
-2204.40430,-0.10358119
-2218.01782,-0.23841582
-2224.77222,-0.09536653
-2231.52661,-0.08171277
-2238.28101,-0.07449117
-2245.03540,-0.06916000
-2251.73755,-0.06956958
-2258.43970,-0.07469336
-2265.24658,-0.08269741
-2271.94873,-0.08596410
-2278.75562,-0.08647817
-2285.56250,-0.06140579
-2292.31689,-0.04863463
-2300.17090,-0.05749802
-2306.87305,-0.07196599
-2313.57520,-0.08953287
-2320.27734,-0.08303142
-2326.92700,-0.06765065
-2333.57666,-0.07661506
-2340.27881,-0.11050374
-2346.92847,-0.13008711
-2353.52588,-0.11471929
-2366.72046,-0.15072314
-2373.21313,-0.07132433
-2379.65332,-0.08118679
-2386.14600,-0.08295624
-2393.73828,-0.07772102
-2400.17847,-0.05247851
-2406.61865,-0.05764548
-2413.11133,-0.06582779
-2419.60400,-0.06688092
-2425.99194,-0.04875136
-2432.58936,-0.04765591
-2438.97729,-0.07399523
-2445.41748,-0.10282306
-2451.85767,-0.11089140
-2458.29785,-0.08517393
-2464.79053,-0.06666041
-2471.33545,-0.07130267
-2477.93286,-0.07537603
-2484.47778,-0.07748248
-2491.02271,-0.06651980
-2504.47925,-0.11685071
-2511.02417,-0.07226176
-2518.77344,-0.10563239
-2525.47559,-0.10358492
-2532.22998,-0.09978046
-2539.03687,-0.07938533
-2545.84375,-0.05486551
-2552.70288,-0.05142761
-2559.50977,-0.07314486
-2566.36890,-0.10573740
-2573.22803,-0.10893325
-2580.08716,-0.09042099
-2586.89404,-0.07385240
-2593.75317,-0.09199514
-2601.76416,-0.13016972
-2608.62329,-0.11131912
-2615.58716,-0.08005572
-2622.49878,-0.04471572
-2629.35791,-0.04655290
-2636.21704,-0.07419838
-2643.07617,-0.09629991
-2657.26562,-0.15997192
-2664.22949,-0.04024835
-2671.14111,-0.04293397
-2678.05273,-0.07009088
-2684.96436,-0.09263492
-2691.87598,-0.10131263
-2698.89209,-0.09452385
-2705.85596,-0.08388159
-2713.91943,-0.10330043
-2720.83105,-0.10627106
-2727.79492,-0.11246110
-2734.70654,-0.09489084
-2741.72266,-0.06553985
-2748.58179,-0.04598893
-2755.54565,-0.06649649
-2762.56177,-0.08788682
-2769.52563,-0.09535325
-2776.43726,-0.07979368
-2783.40112,-0.06597996
-2790.31274,-0.05668450
-2804.39746,-0.13128327
-2811.36133,-0.07032034
-2818.22046,-0.07858574
-2826.23145,-0.11383034
-2833.03833,-0.10069661
-2839.94995,-0.09255236
-2846.70435,-0.08954976
-2853.45874,-0.10325252
-2860.21313,-0.11975593
-2866.96753,-0.11373779
-2873.72192,-0.08336016
-2880.47632,-0.05638484
-2887.17847,-0.05782176
-2893.88062,-0.07025360
-2900.68750,-0.08038939
-2907.49438,-0.06807167
-2914.19653,-0.04861626
-2921.99805,-0.04971294
-2928.64771,-0.06698143
-2935.29736,-0.08706874
-2941.99951,-0.09252183
-2955.61304,-0.16507369
-2962.26270,-0.08762299
-2968.91235,-0.10117924
-2975.61450,-0.10660552
-2982.36890,-0.09213337
-2989.07104,-0.07592533
-2995.72070,-0.07640698
-3002.42285,-0.08453882
-3009.12500,-0.08594845
-3015.82715,-0.07294192
-3023.68115,-0.07465900
-3030.43555,-0.06893600
-3037.29468,-0.07022901
-3044.15381,-0.05793733
-3050.85596,-0.05405279
-3057.55811,-0.06006528
-3064.26025,-0.07020351
-3070.90991,-0.09967694
-3077.61206,-0.10863985
-3084.26172,-0.08572307
-3097.87524,-0.14647900
-3104.47266,-0.10113168
-3111.07007,-0.10490751
-3117.71973,-0.08501111
-3124.31714,-0.06412891
-3131.96167,-0.07385588
-3138.50659,-0.08230466
-3145.05151,-0.09697029
-3151.59644,-0.08699580
-3158.14136,-0.05845473
-3164.63403,-0.03408812
-3171.12671,-0.04038225
-3177.67163,-0.06705893
-3184.32129,-0.08083743
-3190.81396,-0.07816049
-3197.30664,-0.07539801
-3203.74683,-0.08653891
-3210.23950,-0.10184973
-3216.73218,-0.11195274
-3224.37671,-0.10783260
-3230.86938,-0.07815225
-3244.27344,-0.15192424
-3250.87085,-0.09402726
-3257.57300,-0.09308069
-3264.27515,-0.07557520
-3270.97729,-0.05510768
-3277.67944,-0.05161415
-3284.43384,-0.06737771
-3291.24072,-0.07475486
-3298.09985,-0.06145586
-3304.95898,-0.04312195
-3311.87061,-0.05053206
-3318.83447,-0.09399082
-3325.74609,-0.13184491
-3333.86182,-0.13658442
-3340.77344,-0.07603338
-3347.73730,-0.06542044
-3354.64893,-0.09421200
-3361.56055,-0.12532575
-3368.52441,-0.11738665
-3375.48828,-0.07276048
-3389.52075,-0.11603656
-3396.53687,-0.09771460
-3403.60547,-0.09772336
-3410.62158,-0.06657548
-3417.63770,-0.03099707
-3426.38184,-0.02991955
-3433.76465,-0.05199707
-3440.72852,-0.09090277
-3447.74463,-0.11497588
-3454.86548,-0.11687786
-3461.98633,-0.09838073
-3469.10718,-0.09878252
-3476.12329,-0.11949986
-3483.13940,-0.13562922
-3490.26025,-0.11243152
-3497.27637,-0.07237765
-3504.29248,-0.05173882
-3511.25635,-0.06804978
-3518.22021,-0.08923603
-3525.28882,-0.08388760
-3532.35742,-0.05371597
-3546.54687,-0.08590074
-3553.61548,-0.07906669
-3560.84106,-0.08156488
-3567.85718,-0.06833862
-3574.87329,-0.07232977
-3581.88940,-0.09976325
-3588.90552,-0.11619846
-3595.92163,-0.10784555
-3603.04248,-0.09360922
-3610.16333,-0.09685384
-3617.23193,-0.10489164
-3624.24805,-0.09410566
-3631.26416,-0.06790733
-3638.22803,-0.06000989
-3646.34375,-0.07894730
-3653.35986,-0.07530362
-3660.37598,-0.06377222
-3667.33984,-0.05474316
-3674.30371,-0.05611857
-3681.26758,-0.07072245
-3695.50952,-0.16871360
-3702.47339,-0.09708340
-3709.43726,-0.09937064
-3716.34888,-0.08157306
-3723.26050,-0.07976557
-3730.11963,-0.09575152
-3737.03125,-0.10970876
-3743.89038,-0.10172720
-3750.85425,-0.08117890
-3758.86523,-0.08752921
-3765.72437,-0.08659683
-3772.58350,-0.09438504
-3779.39038,-0.09062767
-3786.24951,-0.06688947
-3793.05640,-0.05461502
-3799.86328,-0.05243422
-3806.72241,-0.06452513
-3813.47681,-0.07282608
-3820.23120,-0.07797882
-3826.93335,-0.08387538
-3833.63550,-0.08922924
-3847.30151,-0.19301185
-3853.89893,-0.09271001
-3861.59595,-0.10518251
-3868.14087,-0.09128267
-3874.68579,-0.07911683
-3881.17847,-0.07319199
-3887.77588,-0.07996807
-3894.26855,-0.08085294
-3900.81348,-0.07181092
-3907.30615,-0.05770203
-3913.95581,-0.05825975
-3920.44849,-0.06135519
-3926.94116,-0.06357385
-3933.43384,-0.06120607
-3939.92651,-0.05764104
-3946.41919,-0.07165723
-3954.01147,-0.10263847
-3960.50415,-0.09372538
-3966.99683,-0.08904546
-3973.54175,-0.09112477
-3986.89355,-0.18762635
-3993.38623,-0.09350106
-3999.87891,-0.10227240
-4006.37158,-0.10476211
-4012.91650,-0.08646339
-4019.56616,-0.06638216
-4026.21582,-0.06960201
-4032.81323,-0.07554999
-4039.46289,-0.07953050
-4046.11255,-0.05729874
-4052.76221,-0.03534687
-4059.41187,-0.03210980
-4067.16113,-0.06161419
-4073.81079,-0.08722566
-4080.46045,-0.10826459
-4087.11011,-0.09818382
-4093.81226,-0.08062254
-4100.46191,-0.08361585
-4107.11182,-0.09884585
-4113.81396,-0.11125159
-4120.56836,-0.09155080
-4134.12939,-0.11369099
-4140.77930,-0.07752176
-4147.48145,-0.09463275
-4154.18359,-0.08478083
-4160.99023,-0.06440262
-4167.79688,-0.03932514
-4175.65088,-0.04544739
-4182.35303,-0.05186778
-4189.05518,-0.06231920
-4195.75732,-0.06804577
-4202.51172,-0.07953050
-4209.26611,-0.10218434
-4216.02051,-0.12605093
-4222.77490,-0.12937699
-4229.58154,-0.11267813
-4236.33594,-0.09144586
-4243.19531,-0.08533008
-4251.15381,-0.10267222
-4258.01318,-0.08478165
-4264.87256,-0.05910000
-4278.80029,-0.06400771
-4285.60693,-0.06951152
-4292.51855,-0.10574510
-4299.43018,-0.09604409
-4306.39404,-0.06150964
-4313.25342,-0.05032838
-4320.00781,-0.08346184
-4326.76221,-0.13735121
-4333.56885,-0.15382825
-4340.37549,-0.12015496
-4347.12988,-0.07642255
-4353.88428,-0.07062022
-4360.58643,-0.10337131
-4368.44043,-0.14769594
-4375.14258,-0.09447729
-4381.84473,-0.03623380
-4388.44189,-0.02835846
-4395.09180,-0.06293316
-4401.74170,-0.08904886
-4408.39160,-0.07589155
-4415.04150,-0.04717109
-4428.60254,-0.04379997
-4435.19971,-0.05386180
-4441.84961,-0.08357433
-4448.49951,-0.10108414
-4455.09668,-0.10394958
-4461.69385,-0.09152626
-4468.29102,-0.08936686
-4475.98779,-0.12078813
-4482.58496,-0.12284822
-4489.23486,-0.12168549
-4495.93701,-0.09039179
-4502.58691,-0.06009334
-4509.23682,-0.04276305
-4515.93896,-0.06208241
-4522.64111,-0.08332992
-4529.44775,-0.07926626
-4536.25439,-0.06227031
-4543.06104,-0.05493863
-4551.07227,-0.06853177
-4557.82666,-0.07176725
-4571.59717,-0.14551911
-4578.50879,-0.07327603
-4585.36816,-0.08962063
-4592.17480,-0.09963071
-4598.92920,-0.09941688
-4605.63135,-0.08623882
-4612.33350,-0.07836606
-4619.03564,-0.08576977
-4625.79004,-0.09838390
-4632.43994,-0.08839017
-4639.08984,-0.07195763
-4645.68701,-0.06234547
-4652.28418,-0.05667390
-4660.03320,-0.08544696
-4666.63037,-0.07115634
-4673.22754,-0.05435639
-4679.87744,-0.04645649
-4686.42236,-0.05959951
-4692.96729,-0.07740187
-4699.56445,-0.08919582
-4706.10938,-0.09276666
-4719.56592,-0.19556402
-4726.32031,-0.10104137
-4732.97021,-0.09509911
-4739.67236,-0.08577533
-4746.42676,-0.08332992
-4753.18115,-0.08128855
-4761.08740,-0.09407038
-4767.89404,-0.07549518
-4774.75342,-0.07346145
-4782.45020,-0.07758702
-4789.57129,-0.06570107
-4796.90186,-0.07277740
-4803.97021,-0.07477123
-4811.03857,-0.07038229
-4818.21191,-0.05962782
-4825.28027,-0.07108644
-4832.50586,-0.09729344
-4839.62695,-0.12276128
-4846.80029,-0.11927943
-4853.97363,-0.09306713
-4868.73926,-0.17349871
-4876.01709,-0.11549679
-4883.19043,-0.11041048
-4890.41602,-0.07237283
-4897.58936,-0.04798669
-4904.81494,-0.05983616
-4911.98828,-0.08692736
-4919.21387,-0.09171385
-4926.43945,-0.06314562
-4933.61279,-0.03670835
-4940.78613,-0.04265307
-4947.90723,-0.07677625
-4955.02832,-0.11772132
-4962.20166,-0.13619511
-4969.42725,-0.11692013
-4976.65283,-0.09522495
-4983.77393,-0.09620814
-4990.94727,-0.10093337
-4999.32471,-0.13481925
-5006.55029,-0.10265024
-5013.82813,-0.07064576
-5028.75049,-0.12104007
-5036.13330,-0.07762032
-5043.46387,-0.08495713
-5050.84668,-0.07843664
-5058.22949,-0.06396898
-5065.56006,-0.06370074
-5072.94287,-0.08037404
-5080.32568,-0.11008691
-5087.70850,-0.11885530
-5095.09131,-0.09952085
-5102.47412,-0.07445301
-5109.85693,-0.07844258
-5117.18750,-0.10575029
-5124.57031,-0.12089261
-5133.15723,-0.11040490
-5140.48779,-0.07509502
-5147.76563,-0.06829862
-5155.09619,-0.08304162
-5162.47900,-0.10073300
-5169.86182,-0.08913045
-5184.83691,-0.08958284
-5192.11475,-0.05240232
-5199.34033,-0.09432383
-5206.61816,-0.12558833
-5213.94873,-0.12005498
-5221.22656,-0.09470286
-5228.50439,-0.08904687
-5235.78223,-0.11599071
-5244.26465,-0.15699825
-5251.54248,-0.11670175
-5258.82031,-0.07374000
-5266.09814,-0.05301462
-5273.42871,-0.07202595
-5280.70654,-0.08684541
-5287.98438,-0.07120267
-5295.26221,-0.05440260
-5302.59277,-0.05353156
-5309.87061,-0.05765209
-5317.20117,-0.07480500
-5324.47900,-0.09584954
-5331.70459,-0.10625564
-5346.36523,-0.19538352
-5353.48633,-0.09906393
-5360.60742,-0.11104919
-5368.93262,-0.12239259
-5376.15820,-0.08392168
-5383.12207,-0.07331888
-5390.08594,-0.08601832
-5397.10205,-0.10781411
-5404.06592,-0.10171017
-5411.02979,-0.07830277
-5417.99365,-0.06280774
-5424.95752,-0.07036708
-5431.86914,-0.07370231
-5438.78076,-0.06659018
-5445.69238,-0.04658115
-5452.55176,-0.05266565
-5459.46338,-0.08903792
-5466.37500,-0.10793091
-5474.38623,-0.12427374
-5481.19287,-0.08764653
-5501.56104,-0.25983614
-5508.42041,-0.08523390
-5515.27979,-0.06095226
-5522.13916,-0.05778886
-5528.99854,-0.06527223
-5535.91016,-0.07250684
-5543.97363,-0.06855723
-5550.93750,-0.04544870
-5557.84912,-0.05268076
-5564.91748,-0.07501341
-5571.93359,-0.07986369
-5578.84521,-0.07240224
-5585.80908,-0.08579008
-5592.87744,-0.11059102
-5599.89355,-0.11481641
-5607.01465,-0.09543777
-5614.13574,-0.08617336
-5621.20410,-0.08757336
-5628.27246,-0.08609872
-5636.54541,-0.10649158
-5651.15381,-0.16365948
-5658.37939,-0.05860934
-5665.55273,-0.06062614
-5672.83057,-0.06112934
-5680.05615,-0.06745637
-5687.38672,-0.06293231
-5694.71729,-0.06998496
-5701.99512,-0.08530986
-5709.32568,-0.11558092
-5716.70850,-0.13361757
-5724.03906,-0.13088520
-5731.47412,-0.11619359
-5738.85693,-0.09493200
-5747.39160,-0.10243278
-5754.77441,-0.09728211
-5762.15723,-0.10698149
-5769.54004,-0.08365104
-5776.81787,-0.07755361
-5784.14844,-0.06947574
-5791.47900,-0.07570620
-5798.80957,-0.07582479
-5813.52246,-0.08795383
-5820.74805,-0.05808492
-5827.97363,-0.08605126
-5835.19922,-0.11986034
-5842.37256,-0.12470129
-5849.59814,-0.10495621
-5857.97559,-0.10938169
-5865.14893,-0.09718551
-5872.32227,-0.10684175
-5879.39062,-0.10120012
-5886.51172,-0.08576863
-5893.52783,-0.06663389
-5900.59619,-0.05951738
-5907.66455,-0.06345942
-5914.78564,-0.08024710
-5921.80176,-0.08417575
-5928.81787,-0.06282260
-5935.78174,-0.04590451
-5942.69336,-0.06277093
-5950.80908,-0.12349284
-5964.99854,-0.26450202
-5971.91016,-0.08676786
-5978.87402,-0.07629205
-5985.78564,-0.10116576
-5992.69727,-0.11345265
-5999.71338,-0.09676366
-6006.67725,-0.06382656
-6013.69336,-0.04887737
-6020.65723,-0.06976303
-6027.62109,-0.09028587
-6034.68945,-0.07831958
-6041.70557,-0.05801631
-6048.77393,-0.06159190
-6055.89502,-0.07315690
-6062.96338,-0.07410596
-6071.18408,-0.06558274
-6078.20020,-0.05629177
-6085.11182,-0.08807521
-6092.07568,-0.13295268
-6099.03955,-0.13065708
-6106.00342,-0.08844732
-6120.08838,-0.16296683
-6127.05225,-0.11590328
-6133.96387,-0.09289822
-6140.77051,-0.04881451
-6147.52490,-0.04122948
-6154.22705,-0.07790547
-6161.03369,-0.11284152
-6167.78809,-0.11355783
-6174.54248,-0.08721696
-6182.34424,-0.05547653
-6189.04639,-0.03677918
-6195.74854,-0.05168327
-6202.34570,-0.07126355
-6208.94287,-0.07271468
-6215.48779,-0.06064073
-6221.92822,-0.05480989
-6228.36865,-0.08038031
-6235.28027,-0.12734897
-6241.72070,-0.13334200
-6248.16113,-0.11652759
-6261.14648,-0.18647631
-6267.63916,-0.09543872
-6274.02686,-0.09003181
-6280.46729,-0.06943397
-6286.85498,-0.04448725
-6293.34766,-0.04379294
-6299.78809,-0.06262274
-6306.22852,-0.05930560
-6312.66895,-0.04553890
-6319.16162,-0.04095405
-6325.81152,-0.05088044
-6332.35645,-0.07430624
-6338.90137,-0.09807737
-6345.44629,-0.09928950
-6353.09082,-0.09348098
-6359.63574,-0.08016971
-6366.23291,-0.09252222
-6372.83008,-0.08893966
-6379.42725,-0.07916529
-6386.02441,-0.07234827
-6392.67432,-0.07496527
-6406.23535,-0.14983740
-6412.88525,-0.06851277
-6419.53516,-0.07206595
-6426.23730,-0.09972040
-6432.99170,-0.09842104
-6439.74609,-0.07385256
-6447.65234,-0.05011544
-6454.35449,-0.03942453
-6461.21387,-0.07753903
-6468.07324,-0.12332931
-6474.82764,-0.12070493
-6481.68701,-0.07769395
-6488.38916,-0.05982646
-6495.14355,-0.08232256
-6501.89795,-0.11481793
-6508.65234,-0.10955817
-6515.40674,-0.06362437
-6522.16113,-0.03755726
-6528.86328,-0.05922676
-6535.56543,-0.08494530
-6549.38867,-0.15005526
-6556.09082,-0.04334752
-6562.79297,-0.04482402
-6570.69922,-0.08491994
-6577.40137,-0.08201142
-6584.10352,-0.07847396
-6590.75342,-0.08180325
-6597.45557,-0.09637209
-6604.20996,-0.10565319
-6610.96436,-0.09712800
-6617.66650,-0.08858889
-6624.31641,-0.09036275
-6630.96631,-0.09563135
-6637.61621,-0.08610630
-6644.26611,-0.07121148
-6650.86328,-0.06116739
-6657.46045,-0.05891535
-6665.20947,-0.07822805
-6671.75439,-0.07378502
-6678.40430,-0.07539646
-6685.00146,-0.06493475
-6698.51025,-0.12486789
-6705.05518,-0.07035144
-6711.65234,-0.08912661
-6718.14502,-0.09949487
-6724.68994,-0.09184328
-6731.23486,-0.08256739
-6737.77979,-0.08207696
-6744.27246,-0.09710175
-6750.76514,-0.10775907
-6757.78125,-0.10565450
-6764.37842,-0.08047146
-6770.81885,-0.06673863
-6777.20654,-0.07228132
-6783.59424,-0.07815664
-6790.03467,-0.07044718
-6796.52734,-0.04884322
-6802.86279,-0.03707636
-6809.25049,-0.04355966
-6815.58594,-0.05649444
-6821.97363,-0.05834389
-6835.06348,-0.12211683
-6841.34668,-0.08649953
-6847.73437,-0.10979405
-6854.01758,-0.10007901
-6860.30078,-0.07915775
-6866.47900,-0.06683508
-6872.76221,-0.07648053
-6878.99316,-0.08320329
-6885.17139,-0.08632077
-6892.39697,-0.06471366
-6899.09912,-0.03435664
-6905.27734,-0.03735515
-6911.40332,-0.05998905
-6917.52930,-0.07122571
-6923.65527,-0.05633931
-6929.78125,-0.03949924
-6935.95947,-0.03655468
-6942.03320,-0.05569012
-6948.10693,-0.08112366
-6954.23291,-0.08363131
-6960.30664,-0.08207928
-6972.66357,-0.19481300
-6978.89453,-0.10044756
-6985.07275,-0.09116200
-6991.19873,-0.08089833
-6997.37695,-0.07873256
-7003.60791,-0.08403885
-7009.73389,-0.08720540
-7015.91211,-0.07558904
-7022.03809,-0.05847852
-7028.16406,-0.04906498
-7035.33740,-0.06590455
-7041.51563,-0.06289639
-7047.69385,-0.07366474
-7053.87207,-0.06079283
-7060.05029,-0.05157263
-7066.22852,-0.05421714
-7072.35449,-0.06604978
-7078.53271,-0.06945752
-7084.65869,-0.06853773
-7090.83691,-0.06926022
-7103.29834,-0.14925702
-7109.47656,-0.07796835
-7116.64990,-0.10095145
-7122.77588,-0.08250109
-7128.95410,-0.07378118
-7135.08008,-0.07320315
-7141.15381,-0.08562790
-7147.22754,-0.08065180
-7153.30127,-0.06822183
-7159.32275,-0.06118117
-7165.34424,-0.05937664
-7171.41797,-0.06482659
-7177.43945,-0.06525664
-7183.40869,-0.05233852
-7190.37256,-0.05166412
-7196.34180,-0.04643964
-7202.20605,-0.06813282
-7208.07031,-0.08113091
-7213.93457,-0.08739160
-7219.79883,-0.09067937
-7225.61084,-0.08017067
-7237.44434,-0.17716007
-7243.15137,-0.10116247
-7248.96338,-0.08458450
-7254.67041,-0.06739846
-7260.37744,-0.07595313
-7265.97998,-0.08540519
-7271.58252,-0.08344857
-7277.13281,-0.06980052
-7282.68311,-0.06017895
-7289.12354,-0.07117551
-7294.56885,-0.06710783
-7300.06641,-0.06880926
-7305.45947,-0.05551695
-7310.85254,-0.04498444
-7316.24561,-0.04512267
-7321.58643,-0.05672885
-7326.87500,-0.06698520
-7332.11084,-0.06793323
-7337.29443,-0.07791128
-7343.36816,-0.10613095
-7353.89258,-0.15798016
-7359.02393,-0.08001321
-7364.10303,-0.10517554
-7369.28662,-0.09500016
-7374.31299,-0.06213285
-7379.33936,-0.04719028
-7384.31348,-0.06759563
-7389.33984,-0.07859606
-7394.31396,-0.05758335
-7399.34033,-0.03378810
-7404.26221,-0.04145016
-7409.23633,-0.06382534
-7414.15820,-0.06620771
-7419.13232,-0.04778714
-7424.83936,-0.04731127
-7429.70898,-0.04654259
-7434.63086,-0.04065346
-7439.44775,-0.03505708
-7444.36963,-0.03579307
-7449.18652,-0.03794386
-7454.00342,-0.03688318
-7463.58545,-0.10416209
-7468.40234,-0.06411036
-7473.06250,-0.05016000
-7477.67041,-0.03602372
-7482.22559,-0.04828706
-7486.78076,-0.06949939
-7491.28369,-0.06854276
-7495.78662,-0.05528771
-7500.18506,-0.04304936
-7504.58350,-0.04594218
-7509.71484,-0.05109210
-7514.11328,-0.04554654
-7518.51172,-0.03398313
-7522.85742,-0.02276370
-7527.20313,-0.03440500
-7531.49658,-0.04104587
-7535.84229,-0.02875206
-7540.18799,-0.01595340
-7544.58643,-0.01773063
-7548.93213,-0.03273471
-7567.25830,-0.10290840
-7571.60400,-0.03321975
-7575.94971,-0.03399921
-7580.34814,-0.03501206
-7584.69385,-0.04584778
-7588.98730,-0.05357726
-7593.33301,-0.04662750
-7597.67871,-0.03623462
-7602.02441,-0.02996849
-7606.31787,-0.04451899
-7610.61133,-0.06573602
-7614.90479,-0.05712994
-7619.19824,-0.03689621
-7624.17236,-0.03561527
-7628.36133,-0.04293666
-7632.60254,-0.05754435
-7636.84375,-0.05794426
-7641.03271,-0.03976257
-7645.32617,-0.02697771
-7649.51514,-0.04096711
-7653.65137,-0.05558098
-7662.02881,-0.07365780
-7666.11279,-0.03385972
-7670.14453,-0.03748975
-7674.22852,-0.05406686
-7678.26025,-0.02634369
-7682.29199,0.00380716
-7686.27148,-0.00246008
-7690.25098,-0.03196909
-7694.91113,-0.05343394
-7698.83789,-0.02100641
-7702.76465,0.00615313
-7706.58691,-0.01021765
-7710.40918,-0.04876126
-7714.28369,-0.07007139
-7718.10596,-0.04480690
-7721.92822,-0.02381606
-7725.64600,-0.04289359
-7729.36377,-0.08975600
-7733.08154,-0.10982358
-7736.79932,-0.07369120
-7744.18213,-0.13054086
-7747.69043,-0.11528593
-7751.25098,-0.12797759
-7755.28271,-0.11196658
-7758.68604,-0.07683282
-7762.08936,-0.09444616
-7765.44043,-0.12581514
-7768.73926,-0.13227105
-7771.98535,-0.10801744
-7775.17920,-0.09586126
-7778.37305,-0.11118449
-7781.46240,-0.13815467
-7784.55176,-0.12711465
-7788.16455,-0.13333388
-7791.14893,-0.11597509
-7794.08105,-0.13537100
-7797.01318,-0.15630718
-7799.89307,-0.15156248
-7802.72070,-0.13236769
-7805.44336,-0.13893317
-7808.16602,-0.17016594
-7813.50684,-0.38610977
-7816.02002,-0.18463135
-7818.53320,-0.19147475
-7820.99414,-0.21784383
-7823.45508,-0.23894794
-7826.22998,-0.24015182
-7828.58594,-0.23130572
-7830.88965,-0.25372943
-7833.14111,-0.25874695
-7835.39258,-0.25202608
-7837.64404,-0.23316678
-7839.84326,-0.23865889
-7842.04248,-0.23241268
-7844.29395,-0.21738900
-7846.44092,-0.19328132
-7848.58789,-0.19686399
-7850.68213,-0.20346045
-7852.88135,-0.18854605
-7855.08057,-0.14394449
-7857.64600,-0.07474509
-7862.14893,-0.00246766
-7864.29590,-0.00378943
-7866.49512,-0.00810599
-7868.69434,0.02186918
-7870.89355,0.07228953
-7873.09277,0.10924718
-7875.23975,0.13025524
-7877.43896,0.12939976
-7879.63818,0.13041633
-7881.83740,0.15225898
-7884.08887,0.18898362
-7886.65430,0.25633851
-7888.85352,0.22689019
-7891.00049,0.19950412
-7893.19971,0.16070771
-7895.45117,0.14831747
-7897.75488,0.17104758
-7900.05859,0.21495108
-7902.36230,0.23886862
-7904.66602,0.21310255
-7906.96973,0.13399091
-7911.42041,0.05030808
-7913.72412,-0.01678388
-7916.08008,0.03421183
-7918.43604,0.08980241
-7921.10645,0.11721504
-7923.35791,0.05058962
-7925.66162,-0.00577794
-7928.07031,-0.03184722
-7930.47900,0.00157548
-7932.93994,0.04262168
-7935.34863,0.05617281
-7937.75732,0.03476766
-7940.16602,-0.00478722
-7942.62695,-0.02239298
-7945.08789,-0.00946580
-7947.60107,0.02470766
-7950.06201,0.03852426
-7952.83691,0.02177244
-7955.29785,-0.01404587
-7957.75879,-0.04060391
-7960.21973,-0.01616925
-7965.24609,0.07452847
-7967.65479,0.01091583
-7970.06348,-0.03399921
-7972.52441,-0.04269179
-7974.98535,-0.01262437
-7977.44629,0.01556725
-7979.85498,0.02299920
-7982.26367,0.01200855
-7984.67236,-0.02594679
-7987.55225,-0.04859528
-7990.06543,-0.01581482
-7992.63086,0.00338064
-7995.14404,0.01512241
-7997.65723,0.00711852
-8000.17041,-0.01474200
-8002.73584,-0.02516506
-8005.30127,-0.01372919
-8007.86670,0.00367537
-8010.43213,0.01019456
-8012.94531,0.00533530
-8015.51074,-0.00817750
-8020.74658,-0.02492932
-8023.78369,0.00273321
-8026.40186,0.01087832
-8028.96729,0.01196372
-8031.53271,-0.00093855
-8034.09814,-0.00802908
-8036.66357,0.00146444
-8039.22900,0.01249386
-8041.79443,0.01096466
-8044.35986,0.00826260
-8046.92529,0.00652944
-8049.49072,0.00083331
-8052.00391,-0.00060177
-8054.98828,0.00403395
-8057.50146,0.00873839
-8060.01465,0.01271499
-8062.47559,0.00852550
-8064.98877,0.00352608
-8067.44971,0.00300092
-8069.96289,0.00363713
-8072.42383,0.00581664
-8077.50293,0.02038275
-8079.96387,-0.00007508
-8082.42480,-0.01312634
-8084.93799,-0.01986375
-8087.87012,0.00439313
-8090.33105,0.02087759
-8092.79199,0.01416985
-8095.20068,-0.01006534
-8097.71387,-0.02043579
-8100.22705,-0.01606269
-8102.63574,-0.00441206
-8105.09668,0.00075008
-8107.50537,0.00367463
-8109.91406,-0.00293363
-8112.32275,-0.01274853
-8114.67871,-0.01455444
-8117.03467,-0.01118069
-8119.80957,-0.01279067
-8122.11328,-0.00502858
-8124.46924,-0.00176555
-8126.77295,-0.00011263
-8131.38086,-0.00760411
-8133.63232,-0.00946250
-8135.88379,-0.00823241
-8138.03076,-0.00183806
-8140.22998,0.00078822
-8142.32422,0.00341107
-8144.47119,0.01073919
-8146.61816,-0.01048569
-8148.71240,-0.00913408
-8150.80664,0.00501542
-8153.16260,0.01100185
-8155.20459,0.00247626
-8157.24658,-0.00386840
-8159.23633,0.00093779
-8161.22607,0.00901740
-8163.16357,0.01305133
-8165.10107,0.00615939
-8166.98584,-0.00199418
-8168.92334,-0.00855435
-8170.80811,-0.00120305
-8172.95508,0.01034437
-8176.67285,0.01569030
-8178.50537,-0.00041456
-8180.28564,-0.00078838
-8182.06592,0.00283626
-8183.84619,0.00638733
-8185.57422,0.00564998
-8187.30225,0.00302901
-8189.03027,-0.00003760
-8190.75830,0.00353038
-8192.43359,0.01009603
-8194.05664,0.00736272
-8195.67969,-0.00228820
-8197.30273,-0.00341354
-8198.87305,-0.00217655
-8200.70605,0.00372767
-8202.27637,0.00841282
-8203.74219,0.00293125
-8205.26074,-0.00465142
-8206.72656,-0.02123148
-8208.19238,-0.01703713
-8209.71094,0.01151084
-8212.43359,0.05042345
-8213.79492,-0.02882052
-8215.10352,-0.03209886
-8216.46484,-0.01222543
-8218.03516,0.01490455
-8219.29199,0.02734296
-8220.49609,0.01275261
-8221.64844,-0.01163092
-8222.80078,-0.03012704
-8223.95312,-0.02903386
-8225.05273,-0.00652832
-8226.09961,0.01748034
-8227.09473,0.01493563
-8228.03711,-0.00067809
-8228.92676,-0.01639250
-8229.97363,-0.02244592
-8230.81152,-0.00791653
-8231.59668,0.00476492
-8232.33008,0.00420641
-8233.01074,0.00022507
-8233.69141,-0.00776329
-8235.00000,-0.01184528
-8235.57617,0.00151939
-8236.20410,0.00494000
-8236.72754,0.00155018
-8237.25098,-0.00643143
-8237.82715,-0.00945673
-8238.29883,-0.00195337
-8238.87500,0.00341950
-8239.39844,0.00003751
-8239.87012,-0.00352536
-8240.28906,-0.00075038
-8240.76074,0.00000010
-8241.12695,0.00149893
-8241.49316,0.00030009
-8241.85937,-0.00285029
-8242.22559,-0.00503472
-8242.64453,-0.00425763
-8242.95898,0.00030009
-8243.22070,0.00615063
-8243.48242,0.00423793
-8243.74414,-0.00078806
-8244.26758,-0.01394253
-8244.52930,-0.00353329
-8244.79102,0.00484153
-8245.00000,0.00594490
-8245.26172,0.00064834
-8245.47070,-0.00371817
-8245.67969,-0.00491400
-8245.88867,-0.00176304
-8246.09766,0.00123813
-8246.30664,0.00395313
-8246.51562,0.00360110
-8246.72461,0.00030009
-8246.93359,-0.00187519
-8247.14258,-0.00499105
-8247.29980,-0.00454443
-8247.50879,0.00120037
-8247.71777,0.00543916
-8247.92676,0.00686460
-8248.08398,0.00232618
-8248.29297,-0.00627781
-8248.45020,-0.00798257
-8248.71191,0.00452906
-8248.81641,0.00493305
-8248.92090,0.00321248
-8248.97363,0.00225023
-8249.02637,0.00165050
-8249.02637,-0.00015005
-8249.02637,-0.00239780
-8249.02637,-0.00112534
-8248.97363,0.00314647
-8248.97363,0.00476492
-8248.92090,0.00165017
-8248.81641,-0.00150076
-8248.76367,-0.00223855
-8248.71094,-0.00108783
-8248.65820,0.00007502
-8248.60547,0.00063756
-8248.55273,-0.00135069
-8248.50000,-0.00236611
-8248.44727,-0.00375191
-8248.39453,-0.00420771
-8248.29004,-0.00234559
-8248.18555,0.00820960
-8248.08105,0.00150779
-8248.02832,-0.00457547
-8247.97559,-0.00521515
-8247.87109,-0.00219275
-8247.81836,0.00285493
-8247.71387,0.00446386
-8247.66113,0.00168836
-8247.60840,-0.00018756
-8247.55566,-0.00195099
-8247.50293,-0.00300519
-8247.45020,-0.00228820
-8247.39746,0.00097510
-8247.34473,0.00221318
-8247.29199,0.00065782
-8247.23926,-0.00316763
-8247.23926,-0.00567345
-8247.18652,-0.00362748
-8247.13379,0.00178744
-8247.13379,0.00530504
-8247.08105,0.00111296
-8247.08105,-0.00438795
-8247.08105,-0.00236034
-8247.08105,0.00206103
-8247.08105,0.00387626
-8247.08105,0.00179835
-8247.13379,-0.00232240
-8247.13379,-0.00324470
-8247.13379,-0.00044968
-8247.13379,0.00247979
-8247.13379,0.00247273
-8247.13379,0.00022475
-8247.13379,-0.00228494
-8247.13379,-0.00213641
-8247.13379,0.00022511
-8247.13379,0.00307218
-8247.13379,0.00198378
-8247.13379,-0.00102518
-8247.13379,-0.00222939
-8247.08105,-0.00056416
-8247.08105,0.00108783
-8247.08105,0.00199803
-8247.02832,-0.00089936
-8247.02832,-0.00037695
-8247.02832,0.00082408
-8247.02832,0.00183544
-8246.97559,-0.00011240
-8246.97559,-0.00131317
-8246.92285,-0.00236370
-8246.92285,-0.00157823
-8246.92285,-0.00037473
-8246.87012,0.00067424
-8246.87012,0.00075084
-8246.81738,-0.00101260
-8246.81738,-0.00078774
-8246.76465,0.00033726
-8246.76465,0.00174027
-8246.71191,0.00045536
-8246.71191,-0.00037870
-8246.65918,-0.00018782
-8246.65918,-0.00013152
-8246.60645,-0.00003747
-8246.60645,0.00000010
-8246.55371,-0.00072534
-8246.55371,-0.00026301
-8246.55371,-0.00052698
-8246.50098,0.00014989
-8246.50098,0.00007511
-8246.50098,0.00022470
-8246.50098,0.00000010
-8246.50098,-0.00026194
-8246.50098,0.00003748
-8246.50098,0.00003750
-8246.50098,0.00030650

