0.00000,-0.00158424
0.00000,0.00056954
0.00000,-0.00115812
0.00000,-0.00108385
0.00000,0.00029948
0.00000,0.00166040
0.00000,0.00093416
0.00000,-0.00117066
0.00000,-0.00164681
0.00000,0.00033891
0.00000,0.00094580
0.00000,0.00071605
0.00000,-0.00048715
0.00000,-0.00037374
0.00000,0.00037412
0.00000,0.00117955
0.00000,0.00003736
0.00000,-0.00067246
0.00000,-0.00026156
0.00000,0.00052377
0.00000,0.00041095
-0.05236,-0.00070982
-0.05236,-0.00071098
-0.05236,-0.00179242
-0.10472,-0.00157163
-0.15708,-0.00211218
-0.20944,0.00154705
-0.26180,-0.00052431
-0.31416,-0.00086505
-0.41888,0.00079624
-0.52360,0.00007542
-0.68068,-0.00165151
-0.83776,0.00056153
-1.04720,0.00487153
-1.25664,0.00041170
-1.51844,-0.00804527
-1.78024,-0.01257307
-2.14675,-0.00560269
-2.46091,0.00895794
-2.77507,-0.00194782
-3.19395,-0.02167051
-3.66519,-0.01736635
-4.13643,0.01434057
-4.66003,0.01344609
-5.23599,-0.01319328
-5.86431,-0.02947946
-6.64970,-0.01641698
-7.33038,-0.00082844
-8.06342,-0.00090467
-9.68658,-0.04631047
-10.57670,-0.01651260
-11.41445,0.00217965
-12.25221,-0.00142515
-13.19469,-0.03064066
-14.18953,-0.02123437
-15.13201,0.00165185
-16.07448,-0.00528266
-17.01696,-0.01496402
-18.16888,-0.02232606
-19.16372,-0.01385946
-20.10619,-0.00904946
-21.15339,-0.01790493
-22.14823,-0.02932202
-23.19543,-0.01671308
-24.24262,-0.01839189
-25.34218,-0.00202521
-26.49410,-0.00011263
-27.64601,-0.01542250
-29.00737,-0.02681588
-30.21165,-0.03129962
-31.46828,-0.00377252
-34.08628,-0.00801397
-35.39528,-0.01207623
-36.70427,-0.02156469
-38.06563,-0.01423404
-39.47935,0.00502142
-40.84071,-0.00513698
-42.25442,-0.02790622
-43.72050,-0.03393005
-45.50073,-0.00920794
-46.91445,0.01438681
-48.38052,0.00202521
-49.89896,-0.02381844
-51.46976,-0.03450351
-52.98819,-0.00183544
-54.55899,0.01067771
-56.18215,-0.00709458
-57.80531,-0.02555678
-59.48082,-0.02118229
-61.41814,0.00389350
-63.09365,0.01381860
-64.71680,-0.00857872
-66.39232,-0.03063441
-68.12019,-0.02580263
-71.62830,-0.01176698
-73.35618,-0.00804215
-75.18877,-0.02883679
-76.96901,-0.01621484
-78.80161,-0.00251020
-80.63420,-0.00772579
-82.83331,-0.01317023
-84.71827,-0.02342143
-86.65559,-0.02994115
-88.54054,-0.01037587
-90.47786,-0.00775539
-92.46754,-0.03205759
-94.50957,-0.02671845
-96.55161,0.00014989
-98.59365,0.00720985
-100.63569,-0.03205461
-102.78244,-0.04473450
-105.34808,-0.02629199
-107.49483,-0.00764611
-109.69394,-0.02111465
-111.89305,-0.05051764
-114.19688,-0.05183494
-119.06635,-0.04081610
-121.42255,-0.00644672
-123.77874,-0.04185426
-126.23965,-0.06482182
-128.75293,-0.04427398
-131.26620,-0.00783511
-134.14600,-0.01439798
-136.65927,-0.04257530
-139.32962,-0.05635457
-141.89525,-0.03958499
-144.56560,-0.03284256
-147.18359,-0.01933805
-149.85394,-0.01947050
-152.52429,-0.03456550
-155.24701,-0.04207782
-158.02208,-0.03059066
-160.79715,-0.01453963
-163.62459,0.00476880
-166.34731,-0.01737840
-169.69833,-0.05871451
-172.57812,-0.04708562
-178.59952,0.02294600
-181.58403,-0.01165944
-184.56854,-0.04528553
-187.65778,-0.03089057
-190.79936,-0.01163092
-193.88860,0.00382617
-197.03018,-0.02079920
-200.27649,-0.04378543
-203.47044,-0.03075939
-206.71675,-0.01436104
-209.96306,-0.01388393
-213.26173,-0.02364504
-217.08400,-0.04053281
-220.43503,-0.04460229
-223.78606,-0.03863402
-227.08473,-0.00866162
-230.38341,-0.02289561
-233.73444,-0.05713255
-237.13783,-0.06584864
-240.48886,-0.03974596
-243.83989,-0.03105354
-247.19092,-0.05401991
-254.10242,-0.11454947
-258.08176,-0.05391651
-261.43280,-0.03679863
-264.83618,-0.04145159
-268.23956,-0.05687404
-271.64294,-0.04909250
-275.04633,-0.03402289
-278.39737,-0.03030308
-281.85312,-0.03689702
-285.25650,-0.04433224
-288.65988,-0.04731424
-292.01093,-0.01244620
-295.36197,-0.00488145
-299.28897,-0.04098905
-302.69235,-0.05736916
-306.09573,-0.04034321
-309.44678,-0.00566423
-312.79782,0.00363713
-316.14886,-0.04147546
-319.55225,-0.05950644
-322.95563,-0.02523334
-329.86713,-0.02847759
-333.32288,-0.05187401
-336.77863,-0.04709521
-340.18201,-0.03244681
-343.58539,-0.02814182
-347.66946,-0.05373811
-351.12521,-0.04527618
-354.63333,-0.02293548
-358.08908,-0.01982083
-361.59720,-0.04613910
-365.05295,-0.06520369
-368.56107,-0.05884189
-372.01682,-0.04393658
-375.47256,-0.02744877
-378.92831,-0.04791036
-382.38406,-0.07815795
-386.46814,-0.07326584
-389.92389,-0.02045191
-393.37964,-0.01676421
-396.78302,-0.04697315
-400.23877,-0.07226176
-407.30734,-0.08201735
-410.76309,-0.01313832
-414.21884,-0.02142340
-417.67459,-0.04057087
-421.13034,-0.04088281
-424.58609,-0.02777242
-428.14658,-0.04120815
-431.65469,-0.02030565
-435.11044,-0.01072391
-439.19452,-0.03632455
-442.70264,-0.06030544
-446.31546,-0.04876267
-449.82358,-0.02079826
-453.38406,-0.01413606
-456.89218,-0.03855095
-460.50500,-0.05414655
-464.01312,-0.05239237
-467.67831,-0.05305710
-471.91946,-0.05080136
-475.58466,-0.01534828
-479.19748,-0.02227004
-482.86267,-0.04673205
-490.29776,-0.12992160
-494.01532,-0.04562974
-497.73288,-0.04151731
-501.39807,-0.04964343
-505.16797,-0.06190687
-508.88553,-0.06388347
-512.60309,-0.03379466
-516.32062,-0.03589014
-520.09052,-0.03373282
-523.80804,-0.04292439
-528.20630,-0.04713302
-532.02856,-0.05325674
-535.79846,-0.04566105
-539.62073,-0.03928000
-543.39063,-0.00569710
-547.31763,-0.01644673
-551.08752,-0.03150570
-554.96216,-0.03184855
-558.88916,-0.03734708
-562.71143,-0.01796082
-567.26672,-0.03735792
-575.22540,-0.06899771
-579.20477,-0.01940725
-583.18414,-0.02353629
-587.16351,-0.03499214
-591.09052,-0.04498444
-595.06989,-0.03815817
-599.10162,-0.04570626
-603.08099,-0.04404394
-607.06036,-0.03962015
-611.03973,-0.03774580
-615.01910,-0.04995188
-619.05084,-0.08081146
-623.76324,-0.09100628
-627.79498,-0.05022096
-631.82672,-0.03090971
-635.85846,-0.04667374
-639.89020,-0.07960000
-644.02661,-0.07809462
-648.00598,-0.04118785
-652.09003,-0.02022690
-656.12177,-0.04639246
-664.39465,-0.12253772
-668.53107,-0.02399036
-672.61511,-0.00226718
-677.37988,-0.03489032
-681.46393,-0.06571183
-685.65271,-0.04618590
-689.73676,-0.00513907
-693.82080,-0.00101528
-697.90485,-0.04671073
-702.09363,-0.05780734
-706.28241,-0.05884349
-710.41882,-0.01137753
-714.60760,-0.01696586
-719.42474,-0.05322623
-723.61353,-0.06937277
-727.85468,-0.05675155
-732.09583,-0.02606357
-736.28461,-0.01486058
-740.47339,-0.05971823
-744.76691,-0.09437285
-749.06042,-0.09773832
-753.35394,-0.04627053
-762.04565,-0.05369153
-766.28680,-0.08395752
-770.58032,-0.07890263
-774.87384,-0.04522812
-779.16736,-0.02265163
-784.08917,-0.04931661
-788.43506,-0.06835555
-792.83331,-0.06806757
-797.12683,-0.00101240
-801.47272,0.01215866
-805.76624,-0.02725418
-810.11212,-0.06334275
-814.51038,-0.05793160
-818.90863,-0.02402820
-823.30688,-0.03110404
-828.49054,-0.05319847
-832.94110,-0.05176441
-837.44403,-0.04302980
-841.94696,-0.03059378
-846.39752,-0.04928118
-850.90045,-0.06771197
-860.11578,-0.11564402
-864.61871,-0.04056638
-869.22638,-0.06829267
-873.72931,-0.09145109
-878.38934,-0.07377680
-883.04938,-0.04558352
-887.60468,-0.02141634
-892.26471,-0.05469495
-897.65778,-0.10023298
-902.31781,-0.07368000
-906.97784,-0.05165327
-911.69025,-0.01801736
-916.35028,-0.02947046
-921.01031,-0.03234603
-925.72272,-0.03613823
-930.38275,-0.03412153
-935.09515,-0.03670062
-939.85992,-0.03758235
-944.57233,-0.01622183
-949.28473,-0.04365040
-953.99713,-0.06918977
-959.54730,-0.05159236
-969.23389,-0.06503107
-973.99866,-0.05466113
-978.76343,-0.07537740
-983.52820,-0.07210515
-988.34534,-0.05865426
-993.05774,-0.05690762
-997.87488,-0.07581457
-1002.69202,-0.09327244
-1007.50916,-0.06189451
-1012.43097,-0.04220542
-1017.24811,-0.05589655
-1022.90295,-0.08940470
-1027.77246,-0.08306725
-1032.69434,-0.05546771
-1037.56384,-0.02362150
-1042.48572,-0.03645955
-1047.35522,-0.04064144
-1052.22473,-0.04940258
-1057.04187,-0.06032570
-1061.91138,-0.03868397
-1071.91211,-0.08422750
-1076.72925,-0.07044650
-1081.65112,-0.06626727
-1086.62537,-0.06766152
-1092.38501,-0.03651847
-1097.30688,-0.03312935
-1102.22876,-0.05124064
-1107.20300,-0.05715664
-1112.28186,-0.06114719
-1117.20374,-0.04406533
-1122.12561,-0.02869695
-1127.09985,-0.07401732
-1132.23108,-0.07591649
-1137.25757,-0.05162375
-1142.17944,-0.04838859
-1147.15369,-0.06935888
-1152.12793,-0.09651697
-1157.99219,-0.07832496
-1162.96643,-0.04227966
-1167.94067,-0.02186918
-1172.86255,-0.04902747
-1182.96802,-0.09233031
-1187.99451,-0.05184275
-1193.02100,-0.03209345
-1197.94287,-0.00990302
-1202.91711,-0.03667873
-1207.89136,-0.05102454
-1212.91785,-0.03934078
-1217.99670,-0.01388565
-1223.02319,-0.02825762
-1228.93982,-0.04976672
-1233.96631,-0.06184403
-1239.09753,-0.04549514
-1244.17639,-0.05590846
-1249.20288,-0.06813531
-1254.33411,-0.09623967
-1259.36060,-0.08598719
-1264.43945,-0.07347637
-1269.46594,-0.06738427
-1274.54480,-0.09051513
-1279.57129,-0.09190123
-1289.93860,-0.13674274
-1295.06982,-0.03401450
-1300.04407,-0.02633304
-1305.90833,-0.05313371
-1310.93481,-0.05959814
-1316.01367,-0.05167517
-1321.19727,-0.00310911
-1326.17151,-0.00599102
-1331.25037,-0.02727082
-1336.32922,-0.06051560
-1341.51282,-0.04832856
-1346.59167,-0.02907525
-1351.72290,-0.02799776
-1356.85413,-0.05263927
-1361.93298,-0.05625255
-1367.06421,-0.05848260
-1372.98083,-0.09931421
-1378.16443,-0.09788729
-1383.29565,-0.09986776
-1388.47925,-0.07231919
-1393.66284,-0.07145169
-1404.08240,-0.18107161
-1409.21362,-0.07351484
-1414.44958,-0.04248024
-1419.63318,-0.02759249
-1424.81677,-0.01773063
-1429.94800,-0.04826507
-1435.96936,-0.06567373
-1441.10059,-0.05448894
-1446.28418,-0.01244931
-1451.46777,-0.01737683
-1456.65137,-0.05069185
-1461.78259,-0.07996123
-1466.96619,-0.07366495
-1472.14978,-0.03415342
-1477.22864,-0.04478264
-1482.41223,-0.05013569
-1487.59583,-0.08182912
-1492.72705,-0.07133829
-1498.80078,-0.08157899
-1503.93201,-0.08700675
-1514.45630,-0.14913501
-1519.58752,-0.06247090
-1524.82349,-0.05657746
-1530.05945,-0.06180650
-1535.29541,-0.04874585
-1540.53137,-0.03821902
-1545.71497,-0.02938342
-1550.89856,-0.02945685
-1556.13452,-0.02860878
-1561.37048,-0.04830401
-1566.55408,-0.05321389
-1572.57544,-0.07240454
-1577.75903,-0.04413874
-1582.83789,-0.06596126
-1588.02148,-0.05338966
-1593.20508,-0.07593863
-1598.33630,-0.03756425
-1603.51990,-0.05778406
-1608.75586,-0.05551695
-1613.93945,-0.04787576
-1619.07068,-0.03524302
-1629.64734,-0.12514473
-1634.88330,-0.07747821
-1640.11926,-0.06906279
-1646.19299,-0.05845438
-1651.37659,-0.05056574
-1656.50781,-0.07295101
-1661.69141,-0.07342485
-1666.97974,-0.07664766
-1672.21570,-0.03715858
-1677.39929,-0.02006684
-1682.53052,-0.03297526
-1687.66174,-0.06045418
-1692.84534,-0.06788583
-1697.97656,-0.05098974
-1703.21252,-0.02679005
-1709.23389,-0.06092367
-1714.46985,-0.06313374
-1719.70581,-0.07087842
-1724.83704,-0.04723015
-1730.07300,-0.03880023
-1740.75439,-0.11670849
-1745.93799,-0.05934817
-1751.17395,-0.06330477
-1756.46228,-0.06214462
-1761.59351,-0.07004157
-1766.82947,-0.05291285
-1772.06543,-0.06732369
-1777.19666,-0.07103530
-1782.43262,-0.08528358
-1787.61621,-0.07402500
-1792.79980,-0.04842728
-1798.76880,-0.03902455
-1803.90002,-0.03162215
-1809.03125,-0.05627862
-1814.21484,-0.06972043
-1819.34607,-0.05367889
-1824.47729,-0.02997775
-1829.66089,-0.03012782
-1834.84448,-0.04719252
-1840.02808,-0.05961547
-1845.26404,-0.04977769
-1855.94543,-0.06662920
-1861.33850,-0.03425539
-1867.46460,-0.07273202
-1872.80530,-0.07214561
-1878.14600,-0.08134451
-1883.48669,-0.07354253
-1888.87976,-0.07418077
-1894.22046,-0.07297685
-1899.61353,-0.07971184
-1904.90186,-0.08780698
-1910.29492,-0.10454442
-1915.68799,-0.07488203
-1921.02869,-0.04601698
-1926.42175,-0.02995241
-1932.65259,-0.02267302
-1938.04565,-0.03994770
-1943.33398,-0.05326189
-1948.72705,-0.03763408
-1954.06775,-0.04132137
-1959.40845,-0.03060267
-1970.29932,-0.06302974
-1975.64001,-0.04137238
-1980.87598,-0.05385236
-1986.21667,-0.07544405
-1991.60974,-0.07108381
-1996.89807,-0.05165499
-2002.23877,-0.05545194
-2007.52710,-0.07819995
-2012.81543,-0.09849513
-2018.99390,-0.12046167
-2024.33459,-0.07091936
-2029.62292,-0.06661908
-2034.91125,-0.06550832
-2040.19958,-0.07366495
-2045.48792,-0.05506681
-2050.82861,-0.05056584
-2056.06470,-0.02349765
-2061.40552,-0.02776045
-2066.69385,-0.04153832
-2072.87231,-0.03824015
-2078.16064,-0.02848857
-2089.10376,-0.05821916
-2094.44458,-0.02650477
-2099.78540,-0.04686332
-2105.17847,-0.05019248
-2110.57153,-0.07524804
-2116.01685,-0.05651573
-2121.30518,-0.05327710
-2126.64600,-0.06155629
-2131.98682,-0.09423188
-2137.37988,-0.11622199
-2142.77295,-0.09139397
-2148.27075,-0.05440940
-2153.66382,-0.03945402
-2159.94702,-0.08575389
-2165.34009,-0.09564020
-2170.78540,-0.08242174
-2176.28320,-0.04285008
-2181.67627,-0.00090137
-2187.12158,-0.02230901
-2192.51465,-0.04894704
-2203.71973,-0.10250124
-2209.21753,-0.02835846
-2214.76758,-0.02644800
-2220.31763,-0.04856592
-2225.86768,-0.04527227
-2231.41772,-0.06670781
-2237.02026,-0.05032333
-2242.51807,-0.05255878
-2249.01074,-0.04811524
-2254.56079,-0.08766053
-2260.16333,-0.11288875
-2265.81812,-0.10950856
-2271.47290,-0.07950900
-2277.07544,-0.07421312
-2282.73022,-0.07877405
-2288.43750,-0.10005563
-2294.19702,-0.09325466
-2299.85181,-0.07862798
-2306.60620,-0.06394225
-2312.31348,-0.04704142
-2318.17773,-0.04145990
-2329.80151,-0.09933412
-2335.66577,-0.05652504
-2341.58252,-0.06299120
-2347.49927,-0.05480571
-2353.36353,-0.03978138
-2359.28027,-0.03612274
-2365.14453,-0.05267010
-2370.95654,-0.06622406
-2376.87329,-0.08293550
-2382.79004,-0.08528668
-2388.70679,-0.08478847
-2395.56592,-0.08124619
-2401.48267,-0.06695744
-2407.39941,-0.08624898
-2413.36841,-0.08876583
-2419.33740,-0.08269313
-2425.30640,-0.05515646
-2431.27539,-0.04261851
-2437.24438,-0.05199447
-2443.37061,-0.05482176
-2455.72754,-0.06040897
-2461.95825,-0.02052614
-2468.13672,-0.03524275
-2474.36743,-0.05462149
-2480.54590,-0.04582882
-2487.87622,-0.04508917
-2494.10693,-0.03927924
-2500.39014,-0.06000122
-2506.67334,-0.09544721
-2513.00879,-0.12165643
-2519.39673,-0.10736863
-2525.73218,-0.08897173
-2532.12012,-0.07734256
-2538.45557,-0.09783745
-2544.89575,-0.10832800
-2551.23120,-0.11030153
-2558.82349,-0.06876824
-2565.21143,-0.03890524
-2571.70410,-0.02761296
-2578.09204,-0.04711519
-2584.53223,-0.07401786
-2597.88403,-0.14424564
-2604.42896,-0.04220952
-2610.97388,-0.04289832
-2617.51880,-0.06514003
-2624.06372,-0.08897029
-2630.55640,-0.09594618
-2637.10132,-0.09530857
-2643.64624,-0.09394779
-2650.13892,-0.08196658
-2656.73633,-0.08279792
-2664.38086,-0.11348347
-2670.97827,-0.09246596
-2677.57568,-0.07318249
-2684.17310,-0.04116275
-2690.71802,-0.02543659
-2697.31543,-0.04307561
-2703.96509,-0.05670541
-2710.61475,-0.06705466
-2717.31689,-0.05788975
-2724.07129,-0.05359378
-2737.84204,-0.12739828
-2744.59644,-0.06838656
-2751.35083,-0.06342638
-2758.10522,-0.06222009
-2764.85962,-0.07000672
-2771.61401,-0.09146868
-2779.52026,-0.13384534
-2786.37939,-0.13076386
-2793.23853,-0.12553348
-2800.04541,-0.08871525
-2806.90454,-0.03413367
-2813.71143,-0.03074056
-2820.51831,-0.05264305
-2827.32520,-0.06489481
-2834.18433,-0.04930008
-2840.99121,-0.04570626
-2847.85034,-0.06053060
-2854.76196,-0.07530878
-2862.93018,-0.09061416
-2869.94629,-0.06315579
-2876.85791,-0.02616595
-2890.83789,-0.13465489
-2897.74951,-0.13011767
-2904.66113,-0.12538877
-2911.57275,-0.10693139
-2918.48437,-0.09220315
-2925.44824,-0.06797747
-2932.35986,-0.04768278
-2939.32373,-0.03903197
-2946.18286,-0.05410251
-2953.04199,-0.05428778
-2959.95361,-0.07079419
-2966.91748,-0.06238466
-2975.03320,-0.08367302
-2981.99707,-0.07609981
-2988.96094,-0.08475561
-2995.92480,-0.09032770
-3002.83643,-0.08655909
-3009.95728,-0.11061800
-3016.92114,-0.12954958
-3023.93726,-0.12527297
-3038.12671,-0.21120794
-3045.09058,-0.08946481
-3052.05444,-0.05846284
-3058.96606,-0.03426189
-3065.87769,-0.01381993
-3072.84155,-0.02854362
-3079.70068,-0.04603592
-3087.76416,-0.06087311
-3094.72803,-0.06653488
-3101.69189,-0.07968622
-3108.55103,-0.06922220
-3115.51489,-0.06984632
-3122.42651,-0.07098611
-3129.33813,-0.05580223
-3136.24976,-0.06113049
-3143.21362,-0.07909722
-3150.07275,-0.10433404
-3157.03662,-0.10928033
-3164.05273,-0.10887291
-3170.91187,-0.10286872
-3184.99658,-0.14038953
-3191.85571,-0.04076544
-3199.91919,-0.04106624
-3206.77832,-0.03696286
-3213.68994,-0.04725820
-3220.54907,-0.07307642
-3227.51294,-0.09137718
-3234.52905,-0.07459780
-3241.54517,-0.04629662
-3248.56128,-0.03176052
-3255.52515,-0.05993814
-3262.43677,-0.11447451
-3269.45288,-0.13399646
-3276.52148,-0.12791395
-3284.79443,-0.12184200
-3291.81055,-0.10360526
-3298.98389,-0.10224054
-3306.05249,-0.08566263
-3313.22583,-0.04396085
-3320.29443,-0.02088284
-3327.25830,-0.02787881
-3341.60498,-0.15355408
-3348.67358,-0.11463376
-3355.79443,-0.05943836
-3362.86304,-0.00881698
-3369.82690,-0.02500296
-3376.84302,-0.08040520
-3383.85913,-0.10589973
-3390.92773,-0.08186965
-3397.83936,-0.06396412
-3406.00757,-0.07929599
-3412.86670,-0.10345905
-3419.83057,-0.12382644
-3426.74219,-0.11762932
-3433.65381,-0.08114088
-3440.61768,-0.04588986
-3447.47681,-0.03319880
-3454.33594,-0.05650970
-3461.03809,-0.08406681
-3467.89722,-0.09118553
-3474.70410,-0.06951866
-3488.52710,-0.05831242
-3495.22925,-0.05390706
-3501.98364,-0.06815255
-3509.88989,-0.11521563
-3516.69678,-0.07258047
-3523.45117,-0.08495940
-3530.20557,-0.08998302
-3536.90771,-0.12146115
-3543.60986,-0.14059292
-3550.41675,-0.12438884
-3557.17114,-0.09248247
-3563.92554,-0.03699382
-3570.67993,-0.00854282
-3577.43433,-0.02566915
-3584.24121,-0.05606826
-3591.04810,-0.07335573
-3597.85498,-0.06584107
-3605.76123,-0.05227062
-3612.51562,-0.02565160
-3619.21777,-0.03396168
-3625.91992,-0.07075654
-3639.58594,-0.19563389
-3646.28809,-0.07943884
-3652.93774,-0.06876293
-3659.58740,-0.09935533
-3666.28955,-0.13486169
-3672.93921,-0.13707426
-3679.64136,-0.09617052
-3687.54761,-0.05792790
-3694.24976,-0.01198308
-3700.89941,-0.03045274
-3707.54907,-0.06590477
-3714.35596,-0.08384060
-3721.11035,-0.07195905
-3727.96948,-0.03043053
-3734.72388,-0.02978628
-3741.47827,-0.04310185
-3748.28516,-0.07757233
-3755.03955,-0.08759529
-3761.79395,-0.08857800
-3768.54834,-0.09472451
-3782.47607,-0.18244681
-3789.17822,-0.10704002
-3795.93262,-0.11701462
-3803.89136,-0.12755390
-3810.64575,-0.07963169
-3817.45264,-0.03254645
-3824.20703,-0.02188054
-3830.90918,-0.03502543
-3837.61133,-0.06745932
-3844.36572,-0.08364249
-3851.12012,-0.07942839
-3857.92700,-0.06188038
-3864.68140,-0.05144427
-3871.48828,-0.05777538
-3878.19043,-0.06959862
-3884.89258,-0.08104392
-3892.69409,-0.09355741
-3899.39624,-0.07224183
-3906.04590,-0.07036167
-3912.69556,-0.08147934
-3919.34521,-0.09805539
-3932.90649,-0.21190400
-3939.60864,-0.06793594
-3946.25830,-0.06238209
-3952.80322,-0.05093145
-3959.45288,-0.05590001
-3966.05029,-0.07067747
-3972.69995,-0.08227122
-3979.34961,-0.08711475
-3986.10400,-0.06499510
-3993.95801,-0.04643245
-4000.71240,-0.04230693
-4007.36206,-0.06360785
-4014.06421,-0.08713477
-4020.76636,-0.08735402
-4027.46851,-0.08005178
-4034.17065,-0.07737146
-4040.92505,-0.08619389
-4047.57471,-0.08619136
-4054.32910,-0.07130673
-4060.97876,-0.04976960
-4074.54004,-0.10064463
-4081.13745,-0.04766735
-4087.78711,-0.04052886
-4095.43164,-0.06296474
-4102.08154,-0.05891640
-4108.73145,-0.06646094
-4115.32861,-0.05905504
-4121.92578,-0.05906706
-4128.52295,-0.06863530
-4135.06787,-0.08956484
-4141.77002,-0.11243085
-4148.41992,-0.11512549
-4155.12207,-0.09402777
-4161.66699,-0.07767573
-4168.26416,-0.08126740
-4174.86133,-0.08717661
-4181.45850,-0.07402515
-4189.20752,-0.05680855
-4195.75244,-0.02638665
-4202.34961,-0.02163492
-4208.89453,-0.04595153
-4222.35107,-0.18465161
-4229.00098,-0.10766363
-4235.65088,-0.08543339
-4242.35303,-0.06906200
-4249.05518,-0.07084622
-4255.65234,-0.07353741
-4262.35449,-0.08023211
-4269.05664,-0.09229628
-4275.86328,-0.08901007
-4282.56543,-0.08981489
-4289.26758,-0.09572916
-4297.06934,-0.13286451
-4303.77148,-0.12212190
-4310.47363,-0.08644435
-4317.22803,-0.03676832
-4323.82520,-0.00172693
-4330.42236,0.00530095
-4337.01953,-0.04014182
-4343.66943,-0.09233443
-4350.31934,-0.10276914
-4364.03760,-0.13801388
-4370.73975,-0.03450176
-4377.38965,-0.04513546
-4384.03955,-0.06234586
-4391.78857,-0.09926900
-4398.43848,-0.08854200
-4405.08838,-0.09092348
-4411.84277,-0.09848601
-4418.59717,-0.10794641
-4425.35156,-0.09662423
-4432.10596,-0.07244278
-4438.75586,-0.03395556
-4445.40576,-0.00901740
-4452.05566,-0.03137943
-4458.60059,-0.05637971
-4465.25049,-0.06131866
-4471.95264,-0.06801493
-4479.70166,-0.07081344
-4486.40381,-0.05424562
-4493.00098,-0.07047517
-4499.65088,-0.08869367
-4513.21191,-0.19542624
-4519.86182,-0.07188861
-4526.40674,-0.07800641
-4533.00391,-0.09261632
-4539.54883,-0.10746348
-4546.14600,-0.10894684
-4552.79590,-0.09879445
-4559.39307,-0.07190667
-4565.93799,-0.04061838
-4572.48291,-0.03283171
-4579.97021,-0.05384389
-4586.46289,-0.05601014
-4592.90332,-0.05785443
-4599.34375,-0.05716214
-4605.73145,-0.04984243
-4612.22412,-0.05938870
-4618.66455,-0.07623687
-4625.15723,-0.06722748
-4631.64990,-0.05735630
-4638.09033,-0.03538612
-4651.02344,-0.14924537
-4657.46387,-0.12807024
-4665.10840,-0.16209960
-4671.60107,-0.11404325
-4678.14600,-0.05819771
-4684.79590,-0.03129942
-4691.28857,-0.03749847
-4697.88574,-0.05313260
-4704.48291,-0.05536525
-4711.02783,-0.02111895
-4717.62500,0.00364083
-4724.06543,-0.01461868
-4730.61035,-0.06343832
-4737.20752,-0.10934775
-4743.85742,-0.09757162
-4751.55420,-0.07708603
-4758.15137,-0.03749024
-4764.59180,-0.07724290
-4771.13672,-0.14346871
-4777.78662,-0.17559630
-4784.38379,-0.14380673
-4797.68311,-0.10374000
-4804.17578,-0.05467029
-4810.66846,-0.09983018
-4817.16113,-0.09945728
-4823.86328,-0.05870718
-4830.40820,-0.00788653
-4836.90088,0.01608511
-4844.33594,-0.01430916
-4850.77637,-0.07649583
-4857.16406,-0.11522075
-4863.70898,-0.09770627
-4870.20166,-0.05507729
-4876.64209,-0.02748924
-4883.02979,-0.05605351
-4889.47021,-0.10544468
-4895.96289,-0.13151966
-4902.45557,-0.10250484
-4909.00049,-0.05836591
-4916.48779,-0.06395286
-4922.92822,-0.08252601
-4936.22754,-0.25378707
-4942.82471,-0.07421336
-4949.26514,-0.01294070
-4955.70557,-0.00915248
-4962.19824,-0.06513664
-4968.74316,-0.11413007
-4975.28809,-0.11796036
-4981.83301,-0.09630141
-4988.43018,-0.05134013
-4995.02734,-0.01399747
-5001.62451,-0.01299149
-5008.16943,-0.04608263
-5014.71436,-0.08022229
-5021.31152,-0.08232957
-5029.00830,-0.06077084
-5035.55322,-0.07738709
-5042.15039,-0.11925008
-5048.80029,-0.13749711
-5055.50244,-0.12035420
-5062.20459,-0.05838966
-5068.85449,-0.00514953
-5082.20605,-0.06691103
-5088.80322,-0.07611308
-5095.50537,-0.07645696
-5102.25977,-0.07708196
-5109.01416,-0.08766431
-5115.66406,-0.06625930
-5122.36621,-0.05041546
-5129.06836,-0.05189945
-5136.87012,-0.07635670
-5143.57227,-0.07154889
-5150.32666,-0.06830101
-5157.02881,-0.08694149
-5163.83545,-0.10905761
-5170.69482,-0.12388960
-5177.55420,-0.11647306
-5184.46582,-0.06263339
-5191.32520,-0.00045105
-5198.18457,0.00688276
-5206.14307,-0.05289718
-5213.00244,-0.07913289
-5233.42285,-0.23536853
-5240.49121,-0.08826773
-5247.55957,-0.06089733
-5254.52344,-0.04195890
-5261.43506,-0.03559704
-5268.34668,-0.04371862
-5275.25830,-0.06599075
-5282.11768,-0.10472269
-5290.23340,-0.15187055
-5297.19727,-0.14685656
-5304.21338,-0.13322164
-5311.17725,-0.06679962
-5318.14111,-0.01234880
-5325.00049,-0.00591926
-5331.91211,-0.04896241
-5338.77148,-0.06100538
-5345.63086,-0.04173939
-5352.49023,-0.05109986
-5359.34961,-0.08118739
-5367.51758,-0.10240649
-5374.42920,-0.06318507
-5388.67090,-0.08431304
-5395.58252,-0.08838686
-5402.49414,-0.12601539
-5409.40576,-0.12719370
-5416.31738,-0.11518049
-5423.12402,-0.09477320
-5429.98340,-0.09556245
-5436.79004,-0.08180325
-5443.75391,-0.05901444
-5450.45605,-0.04060537
-5457.15820,-0.03833954
-5463.91260,-0.05185602
-5470.56250,-0.05960570
-5478.41650,-0.08738095
-5485.11865,-0.08991206
-5491.82080,-0.07620592
-5498.52295,-0.06316475
-5505.17285,-0.05326189
-5511.82275,-0.05863694
-5518.41992,-0.06980974
-5532.03369,-0.19095500
-5538.68359,-0.08817732
-5545.22852,-0.09099317
-5551.82568,-0.09389771
-5558.31836,-0.09701407
-5564.81104,-0.08436325
-5571.25146,-0.05394147
-5577.74414,-0.04551817
-5585.28418,-0.03577290
-5591.72461,-0.03702397
-5598.16504,-0.04712737
-5604.60547,-0.05926390
-5611.04590,-0.06396000
-5617.48633,-0.05922779
-5623.92676,-0.06052933
-5630.36719,-0.06040433
-5636.80762,-0.05459526
-5643.24805,-0.06590978
-5649.63574,-0.09630290
-5657.22803,-0.11556825
-5663.77295,-0.07646517
-5676.86279,-0.10743377
-5683.25049,-0.06964001
-5689.69092,-0.08265183
-5696.02637,-0.06233386
-5702.41406,-0.02577999
-5708.59229,-0.03606318
-5714.77051,-0.07300340
-5720.94873,-0.12197391
-5727.12695,-0.12111161
-5733.35791,-0.10720416
-5739.53613,-0.05159924
-5745.71436,-0.03244673
-5751.84033,-0.06545991
-5758.96143,-0.11531103
-5765.08740,-0.07883760
-5771.21338,-0.05118417
-5777.28711,-0.02273530
-5783.30859,-0.06237150
-5789.38232,-0.10219689
-5795.50830,-0.11678120
-5807.65576,-0.15637952
-5813.62500,-0.05098317
-5819.54150,-0.06055522
-5825.45801,-0.06896913
-5831.37451,-0.05457069
-5837.34375,-0.04109550
-5844.20312,-0.01812786
-5850.06738,-0.01880471
-5855.93164,-0.04214615
-5861.79590,-0.06509780
-5867.66016,-0.06243374
-5873.47217,-0.04624237
-5879.28418,-0.04497214
-5885.14844,-0.05797214
-5890.90820,-0.07795707
-5896.72021,-0.11075611
-5902.47998,-0.08897585
-5908.29199,-0.06669000
-5915.04639,-0.08042455
-5920.70117,-0.09214596
-5926.40820,-0.10880519
-5937.97949,-0.15056862
-5943.58203,-0.03432996
-5949.13232,-0.03185502
-5954.73486,-0.03423059
-5960.23242,-0.04576368
-5965.78271,-0.02807237
-5971.22803,-0.01289523
-5976.67334,-0.02165292
-5982.06641,-0.04199754
-5987.51172,-0.04707061
-5992.90479,-0.02857832
-5999.13574,-0.03843032
-6004.47656,-0.04280657
-6009.76514,-0.05895290
-6015.00098,-0.04790358
-6020.18457,-0.05613334
-6025.36816,-0.07701893
-6030.60400,-0.09605061
-6035.68311,-0.09387989
-6040.81445,-0.08188330
-6050.97217,-0.14198795
-6055.89404,-0.05932701
-6060.81592,-0.06431451
-6065.73779,-0.06869357
-6070.55469,-0.05522809
-6075.37158,-0.03464890
-6080.97412,-0.04174199
-6085.79102,-0.03258978
-6090.50342,-0.04717267
-6095.21582,-0.05337879
-6099.92822,-0.05619216
-6104.69287,-0.04011606
-6109.40527,-0.02445474
-6114.16992,-0.01768587
-6118.77783,-0.04278916
-6123.54248,-0.07040954
-6128.30713,-0.08036581
-6133.12402,-0.03411714
-6138.56934,-0.02355421
-6143.28174,-0.04908495
-6147.88965,-0.08891887
-6157.47168,-0.18825622
-6162.07959,-0.06610862
-6166.63477,-0.08065658
-6171.18994,-0.09389250
-6175.79785,-0.09971713
-6180.35303,-0.08422691
-6184.85596,-0.07243461
-6189.30664,-0.06168154
-6193.75732,-0.05237042
-6198.94092,-0.04934342
-6203.39160,-0.03681339
-6207.73730,-0.04990644
-6212.03076,-0.03543089
-6216.48145,-0.01829496
-6220.77490,-0.01975425
-6225.12061,-0.03942975
-6229.41406,-0.04470095
-6233.70752,-0.02861025
-6237.94873,-0.01916835
-6242.13770,-0.02983864
-6250.82959,-0.11552098
-6255.01855,-0.01501374
-6259.25977,-0.00688974
-6263.44873,-0.04985575
-6268.42285,-0.07924925
-6272.61182,-0.05063746
-6276.80078,-0.03784321
-6280.93701,-0.04163881
-6285.12598,-0.05121768
-6289.20996,-0.06570587
-6293.34619,-0.07684504
-6297.48242,-0.07963680
-6301.61865,-0.04633633
-6305.75488,-0.00110554
-6309.83887,-0.01544425
-6313.87061,-0.04842173
-6317.85010,-0.04323078
-6322.56250,-0.03019847
-6326.43701,0.00375954
-6330.31152,-0.00071359
-6334.18604,-0.03486232
-6342.04004,-0.08155438
-6345.81006,-0.00736421
-6349.68457,-0.03226663
-6353.40234,-0.04956082
-6357.22461,-0.04756451
-6361.09912,-0.04276621
-6364.86914,-0.02289595
-6368.63916,-0.00638603
-6373.08984,-0.01851002
-6376.91211,-0.02400244
-6380.68213,-0.00576261
-6384.50439,-0.01056824
-6388.32666,-0.02428950
-6392.14893,-0.03322065
-6395.91895,-0.02657432
-6399.63672,-0.01920977
-6403.40674,-0.03384910
-6407.12451,-0.04987603
-6410.89453,-0.03838202
-6414.61230,-0.02912666
-6422.09961,-0.12827092
-6425.86963,-0.06684616
-6430.16309,-0.02722031
-6433.77588,-0.00217921
-6437.38867,-0.03297526
-6441.00146,-0.05711566
-6444.61426,-0.04433966
-6448.17480,-0.01628873
-6451.73535,-0.00502756
-6455.24365,-0.02337069
-6458.69922,-0.04643977
-6462.25977,-0.04391366
-6465.76807,-0.01298425
-6469.27637,0.00680337
-6472.62744,-0.01205833
-6476.60693,-0.05414528
-6480.01025,-0.05224602
-6483.46582,-0.02531713
-6486.81689,0.00116333
-6490.11572,0.00206355
-6493.41455,-0.02529144
-6500.22119,-0.07181381
-6503.46729,0.00435133
-6506.60889,0.01985971
-6509.80273,-0.00743936
-6512.94434,-0.03985924
-6516.13818,-0.02899420
-6519.27979,-0.01474200
-6522.84033,0.00391056
-6525.87744,-0.01026563
-6528.91455,-0.05043329
-6531.95166,-0.07309585
-6534.93604,-0.08067986
-6537.92041,-0.04565937
-6540.80029,-0.04080375
-6543.68018,-0.06931603
-6546.50781,-0.10033258
-6549.43994,-0.12355034
-6552.31982,-0.10070123
-6555.14746,-0.05283770
-6557.97510,-0.06290917
-6563.62988,-0.27362892
-6566.92871,-0.12733264
-6569.70361,-0.07674783
-6572.47852,-0.08718292
-6575.25342,-0.11739721
-6578.02832,-0.12039874
-6580.80322,-0.09186554
-6583.52588,-0.05045990
-6586.30078,-0.05023446
-6589.02344,-0.07586299
-6591.74609,-0.07433216
-6594.52100,-0.05895916
-6597.61035,-0.04365847
-6600.28076,-0.05541946
-6602.95117,-0.06751422
-6605.62158,-0.04869977
-6608.23975,-0.01931840
-6610.85791,-0.03274122
-6613.47607,-0.03909536
-6616.09424,-0.06537843
-6618.65967,-0.05286971
-6623.89551,-0.07529312
-6626.46094,-0.04608153
-6629.39307,-0.07483893
-6631.90625,-0.07695164
-6634.41943,-0.08357551
-6636.88037,-0.07195335
-6639.34131,-0.09261626
-6641.85449,-0.10665182
-6644.36768,-0.10315596
-6646.82861,-0.09226491
-6649.23730,-0.10080022
-6651.64600,-0.12961008
-6654.05469,-0.12988414
-6656.41064,-0.10706975
-6658.66211,-0.12544379
-6661.17529,-0.16833007
-6663.21729,-0.16295646
-6665.20703,-0.17851579
-6667.14453,-0.14610709
-6668.97705,-0.17078687
-6672.43262,-0.26699749
-6673.79395,-0.09023339
-6675.05078,-0.10154349
-6676.20264,-0.11642172
-6677.30225,-0.09329289
-6678.34961,-0.06290141
-6679.29199,-0.02213626
-6680.12988,-0.00501902
-6681.02002,-0.02565178
-6681.70068,-0.02581664
-6682.27686,-0.01213839
-6682.69580,0.01042818
-6682.95752,0.01500763
-6683.16699,-0.02006454
-6683.27148,-0.02859536
-6683.27148,0.00642360
-6683.16699,0.02173008
-6683.00977,-0.00198770
-6682.85254,-0.01170357
-6682.69531,0.00416622
-6682.59082,0.00961856
-6682.48633,0.00203787
-6682.53857,0.00000010
-6682.53857,0.00296160
-6682.59082,0.00026349
-6682.59082,-0.00338496
-6682.64307,-0.00053136
-6682.59082,0.00189160
-6682.59082,0.00132573
-6682.53857,0.00131344
-6682.48633,0.00408958
-6682.38184,0.00423793
-6682.32959,0.00241160
-6682.27734,0.00086311
-6682.22510,0.00124166
-6682.12061,0.00225069
-6682.06836,0.00146295
-6681.96387,0.00112534
-6681.91162,0.00063782
-6681.85937,-0.00048924
-6681.80713,-0.00120037
-6681.75488,-0.00026253
-6681.65039,-0.00095983
-6681.59814,0.00000010
-6681.59814,0.00052589
-6681.54590,0.00003747
-6681.49365,-0.00094943
-6681.49365,-0.00041934
-6681.44141,0.00018824
-6681.44141,0.00075023
-6681.38916,-0.00048705
-6681.38916,-0.00120037
-6681.38916,-0.00003747
-6681.33691,0.00033760
-6681.33691,-0.00037511
-6681.28467,0.00043794
-6681.28467,0.00000010
-6681.28467,0.00018721
-6681.23242,0.00052516
-6681.23242,0.00093779
-6681.23242,0.00018729
-6681.18018,0.00033719
-6681.18018,0.00082542
-6681.02295,0.00070870
-6680.97070,0.00049866
-6680.91846,0.00037977
-6680.86621,0.00067740
-6680.81396,0.00060006
-6680.76172,0.00120012
-6680.70947,0.00048775
-6680.70947,0.00068043
-6680.65723,-0.00003749
-6680.60498,-0.00116285
-6680.60498,-0.00052505
-6680.55273,-0.00048715
-6680.50049,-0.00061450
-6680.50049,-0.00093760
-6680.50049,-0.00059921
-6680.44824,0.00037458
-6680.44824,0.00108827
-6680.44824,0.00003750
-6680.44824,-0.00033705
-6680.44824,0.00033719
-6680.44824,-0.00007495
-6680.39600,0.00015534
-6680.39600,0.00083298
-6680.39600,0.00105246
-6680.39600,0.00101137
-6680.34375,0.00048173
-6680.34375,0.00048834
-6680.34375,0.00082408
-6680.29150,0.00101137
-6680.29150,-0.00011253
-6680.29150,0.00018733
-6680.29150,0.00116285
-6680.23926,0.00044950
-6680.23926,0.00033760
-6680.23926,-0.00017515
-6680.23926,0.00029979
-6680.23926,0.00030009
-6680.18701,0.00037481
-6680.18701,0.00000010
-6680.18701,0.00101075
-6680.18701,0.00075802
-6680.13477,0.00064756
-6680.13477,0.00173336
-6680.08252,0.00044959
-6680.08252,0.00015008
-6680.03027,0.00037504
-6680.03027,0.00026253
-6679.97803,0.00008757
-6679.97803,-0.00018752
-6679.97803,-0.00018737
-6679.92578,-0.00033753
-6679.92578,-0.00011256
-6679.92578,0.00018729
-6679.87354,0.00044959
-6679.87354,-0.00037527
-6679.82129,-0.00037504
-6679.82129,-0.00021920
-6679.76904,-0.00011237
-6679.71680,-0.00011253
-6679.71680,-0.00033795
-6679.66455,-0.00134176
-6679.61230,-0.00064327
-6679.56006,-0.00090302
-6679.45557,-0.00018977
-6679.45557,0.00101487
-6679.40332,0.00067424
-6679.35107,0.00075023
-6679.35107,0.00112511
-6679.35107,0.00122666
-6679.35107,0.00075038
-6679.35107,-0.00078662
-6679.35107,-0.00003746
-6679.35107,-0.00007493
-6679.35107,0.00014986
-6679.35107,0.00007516
-6679.35107,0.00041204
-6679.35107,0.00067493
-6679.29883,0.00026290
-6679.29883,0.00007504
-6679.29883,-0.00038321
-6679.29883,-0.00007557
-6679.29883,0.00056370
-6679.29883,0.00056198
-6679.29883,0.00011242
-6679.29883,-0.00069341
-6679.29883,0.00033719
-6679.29883,-0.00018729
-6679.29883,-0.00026237
-6679.29883,0.00026258
-6679.29883,-0.00007493
-6679.29883,-0.00017518
-6679.29883,-0.00037466
-6679.29883,-0.00022484
-6679.29883,-0.00003751
-6679.29883,-0.00041212
-6679.29883,-0.00007493
-6679.29883,-0.00007492
-6679.29883,0.00022484
-6679.29883,0.00033767
-6679.29883,0.00019095
-6679.24658,0.00071794
-6679.24658,0.00026373
-6679.24658,0.00033726
-6679.24658,0.00045179
-6679.24658,0.00003747
-6679.19434,-0.00015377
-6679.14209,0.00052537
-6679.14209,0.00056336
-6679.14209,0.00033712
-6679.08984,0.00007492
-6679.08984,0.00003750
-6679.08984,0.00048715
-6679.08984,0.00008789
-6679.08984,-0.00018729
-6679.08984,0.00026226
-6679.08984,0.00000010
-6679.08984,0.00011233
-6679.08984,-0.00011256
-6679.08984,0.00015304
-6679.08984,0.00034028
-6679.08984,0.00015032
-6679.08984,0.00007495
-6679.08984,-0.00003750
-6679.08984,-0.00056922
-6679.08984,0.00007493
-6679.08984,-0.00014983
-6679.08984,0.00042438
-6679.03760,0.00074916
-6679.03760,-0.00037504
-6679.03760,0.00011237
-6679.03760,0.00067452
-6679.03760,-0.00030003
-6679.03760,0.00026215
-6679.03760,0.00026221
-6678.98535,0.00070070
-6678.98535,-0.00026263
-6678.98535,0.00037519
-6678.98535,0.00061166
-6678.98535,0.00045344
-6678.93311,0.00030064
-6678.93311,0.00037519
-6678.93311,-0.00011253
-6678.93311,0.00000010
-6678.93311,0.00041179
-6678.93311,0.00029966
-6678.93311,0.00021901
-6678.88086,0.00094122
-6678.88086,-0.00015368
-6678.88086,0.00041204
-6678.88086,0.00014989
-6678.88086,0.00003751
-6678.82861,-0.00033712
-6678.82861,-0.00018756
-6678.82861,0.00011240
-6678.82861,0.00048725
-6678.82861,-0.00018752
-6678.82861,-0.00026510
-6678.82861,0.00003794
-6678.82861,0.00015099
-6678.82861,-0.00022557
-6678.82861,-0.00015005
-6678.82861,0.00014983
-6678.82861,0.00007493
-6678.82861,0.00022475
-6678.82861,0.00018737
-6678.82861,0.00060018
-6678.82861,0.00011240
-6678.82861,0.00017515
-6678.82861,0.00034461
-6678.82861,0.00011297
-6678.82861,0.00022475
-6678.82861,0.00048705
-6678.82861,0.00022475
-6678.82861,0.00003748
-6678.82861,0.00026279
-6678.82861,0.00037519
-6678.82861,0.00030235
-6678.77637,0.00007595
-6678.77637,-0.00030247
-6678.77637,-0.00026386
-6678.77637,0.00008759
-6678.72412,0.00029973
-6678.72412,0.00052505
-6678.72412,-0.00033726
-6678.72412,0.00026258
-6678.67187,0.00000010
-6678.67187,0.00014992
-6678.67187,-0.00048695
-6678.67187,0.00022489
-6678.67187,0.00030688
-6678.67187,-0.00034482
-6678.67187,-0.00014986
-6678.67187,-0.00041221
-6678.61963,-0.00003764
-6678.61963,-0.00030021
-6678.61963,-0.00056714
-6678.61963,0.00018969
-6678.61963,0.00003776
-6678.61963,-0.00015050
-6678.61963,-0.00033733
-6678.61963,0.00018729
-6678.61963,0.00065691
-6678.61963,-0.00029979
-6678.61963,-0.00007502
-6678.61963,0.00011237
-6678.61963,0.00044950
-6678.61963,0.00022475
-6678.56738,-0.00015008
-6678.56738,-0.00007530
-6678.56738,0.00033747
-6678.56738,0.00003833
-6678.56738,-0.00003747
-6678.56738,0.00008768
-6678.56738,0.00018737
-6678.56738,-0.00007548
-6678.56738,-0.00030382
-6678.56738,-0.00033987
-6678.56738,-0.00060421
-6678.56738,0.00007493
-6678.56738,0.00026221
-6678.56738,-0.00041212
-6678.56738,-0.00014989
-6678.56738,-0.00045014
-6678.56738,-0.00074450
-6678.56738,-0.00011240
-6678.56738,-0.00059933
-6678.56738,0.00011244
-6678.51514,0.00015008
-6678.51514,0.00037534
-6678.51514,0.00041204
-6678.51514,-0.00033719
-6678.56738,-0.00159039
-6678.56738,-0.00048224
-6678.56738,-0.00034035
-6678.56738,-0.00003750
-6678.56738,-0.00056897
-6678.56738,-0.00045527
-6678.56738,-0.00033822
-6678.56738,-0.00067438
-6678.56738,-0.00044959
-6678.56738,-0.00029997
-6678.56738,-0.00007504
-6678.56738,0.00033712
-6678.56738,0.00070070
-6678.56738,0.00052441
-6678.56738,0.00086189
-6678.56738,0.00030015
-6678.56738,0.00018729
-6678.56738,0.00052452
-6678.56738,0.00026221
-6678.56738,0.00029979
-6678.56738,0.00041263
-6678.56738,0.00045586
-6678.56738,0.00004411
-6678.56738,0.00011393
-6678.56738,0.00056908
-6678.56738,-0.00026306
-6678.56738,-0.00037458
-6678.56738,-0.00041221
-6678.56738,-0.00063705
-6678.56738,-0.00026258
-6678.56738,0.00029973
-6678.56738,0.00014983
-6678.56738,0.00018733
-6678.56738,0.00052562
-6678.56738,-0.00037511
-6678.56738,-0.00011240
-6678.56738,0.00041212
-6678.56738,-0.00003746
-6678.56738,-0.00041221
-6678.56738,-0.00015005
-6678.56738,-0.00059933
-6678.56738,-0.00041212
-6678.56738,-0.00026947
-6678.56738,-0.00060751
-6678.56738,-0.00026429
-6678.56738,0.00000010
-6678.56738,0.00014971
-6678.56738,-0.00003748
-6678.56738,-0.00037710
-6678.56738,0.00048705
-6678.56738,0.00086241
-6678.56738,-0.00037466
-6678.51514,0.00026231
-6678.51514,0.00003756
-6678.51514,-0.00033712
-6678.51514,0.00039415
-6678.51514,0.00037466
-6678.51514,0.00000010
-6678.51514,-0.00007495
-6678.51514,0.00018733
-6678.51514,-0.00037458
-6678.51514,0.00007495
-6678.51514,0.00003773
-6678.51514,0.00046296
-6678.51514,0.00000010
-6678.51514,0.00003755
-6678.51514,0.00030666
-6678.51514,0.00011292
-6678.51514,-0.00018733
-6678.51514,0.00007492
-6678.51514,0.00063679
-6678.51514,-0.00003748
-6678.51514,0.00003750
-6678.51514,-0.00026226
-6678.51514,-0.00007492
-6678.51514,0.00056198
-6678.51514,-0.00013143
-6678.51514,-0.00030003
-6678.51514,0.00000010
-6678.51514,-0.00018718
-6678.51514,0.00003747
-6678.51514,-0.00033960
-6678.51514,-0.00011292
-6678.51514,-0.00056954
-6678.51514,-0.00123127
-6678.51514,-0.00045115
-6678.51514,-0.00097530
-6678.51514,-0.00059945
-6678.51514,-0.00035035
-6678.51514,-0.00056187
-6678.51514,-0.00007495

