-2.19911,-0.02108966
-4.18879,-0.04583587
-4.81711,0.00442905
-5.44543,0.01870992
-6.12611,0.02396336
-6.91150,0.02268919
-7.64454,0.00490500
-8.42994,-0.01433546
-9.26770,-0.00925779
-10.15782,0.01156981
-11.04793,0.01941359
-12.04277,0.00732233
-13.03761,-0.02098250
-14.03245,-0.03355554
-15.13201,-0.01378736
-16.28392,0.01145962
-17.38348,0.02247939
-18.53540,0.00992435
-19.68731,-0.01917850
-21.15339,-0.03731890
-22.46239,-0.01087832
-23.71902,0.01790128
-24.97566,0.02082241
-26.28466,-0.00951434
-29.16445,-0.06411600
-30.68289,0.00649873
-32.09660,0.02232953
-33.61504,0.00310223
-35.08112,-0.01341817
-36.65191,-0.02199573
-38.22271,-0.01563008
-39.89822,-0.00507563
-41.52138,0.01322821
-43.19690,0.01783365
-45.13422,-0.00219275
-46.86209,-0.02186028
-48.69469,-0.02468756
-50.52728,-0.00749160
-52.41224,0.01930443
-54.29720,0.02392744
-56.23451,0.00930284
-58.22419,-0.00765856
-60.26622,-0.01844061
-62.36061,-0.00996789
-64.82153,0.01556580
-66.96828,0.02284447
-71.47123,0.02182615
-73.77506,-0.01606021
-76.07890,-0.00843505
-78.48745,0.01270187
-80.84364,0.02566351
-83.25220,0.01560527
-85.66075,-0.00195298
-88.12167,-0.00821334
-90.63494,0.00330302
-93.14822,0.01307018
-96.13273,0.01711744
-98.69836,0.00981800
-101.31636,0.00562105
-103.98672,0.00461015
-106.65707,0.00562328
-109.37979,0.01487992
-112.10251,0.00873483
-114.87758,-0.00086487
-117.70501,0.00022516
-120.58480,0.01088939
-123.98819,0.01726382
-126.97270,0.01601265
-129.90486,-0.00241588
-136.03096,-0.08009420
-139.22491,-0.03348403
-142.41887,0.03168105
-145.56046,0.05010836
-148.64969,0.01833563
-151.79128,-0.03732432
-155.03758,-0.06545749
-158.33626,-0.03578357
-161.63493,0.00987154
-164.93361,0.02913453
-168.80824,0.00179868
-172.10692,-0.02742645
-175.51031,-0.03713657
-178.91371,-0.01850820
-182.31711,0.01632080
-185.77286,0.03272750
-189.22861,-0.00135096
-192.68436,-0.00941537
-196.24483,0.00200834
-199.75294,0.02195759
-203.31342,0.03067933
-207.50221,0.02414316
-214.78024,-0.00588586
-218.39308,0.00542473
-222.05827,0.02173893
-225.72346,0.02731945
-229.38866,0.01899041
-233.10620,0.00390437
-236.77139,-0.00457267
-240.54131,-0.00386132
-244.31122,0.00720220
-248.76181,0.03302854
-252.53172,0.02856364
-256.30164,-0.00033740
-260.07153,-0.02994632
-263.99854,-0.05191001
-267.92554,-0.02206403
-271.95724,0.02762855
-275.83188,0.03900397
-279.70651,-0.00044995
-283.68585,-0.05318335
-287.76993,-0.06812461
-291.85400,-0.03207815
-296.61874,0.02019602
-304.89160,0.05267013
-308.97568,-0.03009031
-313.11212,-0.04377458
-317.30090,-0.01439560
-321.48969,0.02748632
-325.67847,0.04942045
-329.81491,0.03276749
-334.00369,-0.01251463
-338.29721,-0.02772289
-342.53836,-0.01203382
-346.83188,0.01945260
-351.85843,0.04619164
-356.20428,0.02599992
-360.49780,-0.00052505
-364.89603,-0.01546730
-369.34662,-0.00860698
-373.79721,0.01231832
-378.30017,0.03036878
-382.69839,0.02008496
-387.14899,-0.01209589
-391.70428,-0.04721906
-401.12906,-0.02804370
-405.73672,0.02865080
-410.34439,0.01125016
-414.95206,-0.02931433
-419.61209,-0.05264464
-425.16223,-0.04281069
-429.92697,0.00097569
-434.69171,0.02564739
-439.40411,0.01851934
-444.16885,-0.00659933
-448.98596,-0.02096121
-453.90778,-0.00975870
-458.77725,0.01910498
-463.69907,0.04017809
-468.67325,0.02562320
-473.64743,-0.00719099
-479.51175,-0.03429618
-484.53830,-0.01507270
-489.66956,0.01671649
-494.80081,0.04413301
-499.93207,0.02679465
-505.06332,-0.00502347
-515.74475,-0.07115752
-521.08545,-0.02460737
-526.47852,0.01329543
-531.76685,0.02514802
-537.10754,-0.00449863
-542.44824,-0.04595119
-548.78381,-0.06612605
-554.28162,-0.02546760
-559.83179,0.01168049
-565.32959,0.03624199
-570.82739,0.02442710
-576.42987,0.00003802
-582.03235,-0.00560140
-587.63483,0.00782937
-593.23730,0.02874786
-598.89215,0.03145289
-604.54700,0.01810628
-610.25421,0.00720513
-616.01379,0.01311832
-622.76819,0.02517713
-628.63251,0.02325739
-634.44446,0.01466399
-646.43488,-0.04991730
-652.40393,-0.04099565
-658.42529,-0.01125473
-664.39435,0.00464953
-670.36340,-0.00731771
-676.33246,-0.03455267
-682.40619,-0.04694013
-688.47992,-0.02966881
-694.55365,0.01081429
-700.73212,0.04517473
-707.85309,0.04997764
-713.92682,0.00368959
-720.05292,-0.01267223
-726.23138,-0.00406278
-732.40985,0.02397746
-738.58832,0.03776724
-744.76678,0.03165433
-750.94525,0.00198932
-757.17609,-0.01661081
-763.45929,-0.01085606
-769.74249,-0.01150420
-777.07288,-0.01375847
-790.00574,-0.02412754
-796.34131,-0.02223534
-802.62451,-0.03555653
-809.06476,-0.02429656
-815.40033,-0.00296280
-821.73590,0.02594151
-828.17615,0.02847724
-834.61639,0.01818870
-841.00427,0.00734004
-847.39215,0.00150382
-853.83240,0.00647692
-860.27264,0.01170834
-866.71289,0.02104820
-873.15314,0.02378710
-880.69293,0.01711236
-887.13318,0.00397540
-893.62579,-0.01227124
-900.11841,-0.02896841
-906.61102,-0.01890962
-913.10364,-0.00893318
-919.54388,-0.01042606
-926.03650,-0.02243641
-939.33594,-0.05539603
-945.93329,0.00442903
-952.42590,0.02830666
-958.97089,0.03623190
-965.51587,0.02716427
-973.10803,0.00530198
-979.65302,-0.00259724
-986.19800,0.00908331
-992.79535,0.02415586
-999.34033,0.03440679
-1005.88531,0.02539591
-1012.43030,0.00412542
-1018.97528,-0.01919175
-1025.57263,-0.04060192
-1032.16992,-0.02546382
-1038.76721,-0.00518501
-1046.46411,0.00443860
-1053.00916,-0.01459492
-1059.60645,-0.03693378
-1066.25610,-0.03698631
-1072.90576,-0.00819081
-1086.41455,0.07522149
-1093.01184,0.03217959
-1099.71387,0.00227817
-1106.41589,-0.01069783
-1113.11792,0.00158029
-1119.81995,0.02758214
-1126.52197,0.03874853
-1133.17163,0.02572149
-1140.92090,0.00008776
-1147.57056,-0.03267247
-1154.22021,-0.04650579
-1160.92224,-0.02403323
-1167.57190,0.00627206
-1174.16919,0.01009879
-1180.71423,-0.01758394
-1187.31152,-0.04275753
-1193.96118,-0.03843169
-1200.61084,0.00285551
-1207.26050,0.04228087
-1214.95740,0.06568515
-1221.55469,0.02761617
-1234.90649,-0.03937488
-1241.71326,-0.00879916
-1248.46765,0.02905533
-1255.16968,0.04796813
-1261.81934,0.03171225
-1268.41663,-0.00195337
-1275.06628,-0.03896467
-1281.76831,-0.03544912
-1288.41797,-0.00878125
-1295.12000,0.00677877
-1301.71729,-0.00713153
-1309.46655,-0.04122282
-1316.06384,-0.04606406
-1322.71350,-0.01851572
-1329.36316,0.01882766
-1335.96045,0.03649033
-1342.55774,0.02663855
-1349.15503,0.01090046
-1355.80469,0.00785106
-1362.50671,0.01475748
-1369.15637,0.02598899
-1382.87463,0.04905998
-1389.57666,0.00716036
-1396.27869,-0.01048371
-1402.92834,-0.03173698
-1409.57800,-0.03116618
-1416.22766,-0.01756927
-1423.97693,-0.01015166
-1430.57422,-0.01316374
-1437.17151,-0.02273599
-1443.76880,-0.01962481
-1450.31384,-0.00648948
-1456.91113,0.01780214
-1463.45618,0.03453616
-1469.94885,0.03105948
-1476.44153,0.01376670
-1482.93420,-0.00015032
-1490.57874,0.00254359
-1497.17603,0.01771392
-1503.66870,0.02541075
-1510.21375,0.01748054
-1516.75879,0.00060727
-1530.05823,-0.06240710
-1536.55090,-0.01707249
-1543.04358,-0.00270467
-1549.48389,-0.00860411
-1555.87183,-0.02412646
-1562.31213,-0.03573015
-1568.80481,-0.02688006
-1575.29749,0.00587084
-1581.73779,0.03668620
-1588.17810,0.04200948
-1595.71790,0.03306693
-1602.15820,0.00657786
-1608.65088,0.00390119
-1615.14355,0.01658006
-1621.68860,0.03198332
-1628.23364,0.03551727
-1634.77869,0.02025939
-1641.32373,-0.00233707
-1647.92102,-0.02126290
-1654.51831,-0.03460727
-1661.11560,-0.02264312
-1674.41504,-0.03272070
-1680.96008,-0.02678863
-1687.50513,-0.02803246
-1694.10242,-0.01297640
-1700.64746,0.00755208
-1708.23962,0.03341748
-1714.73230,0.02837597
-1721.22498,0.01436437
-1727.71765,0.00743785
-1734.21033,0.01208852
-1740.70300,0.01626890
-1747.14331,0.01799358
-1753.58362,0.01912053
-1760.07629,0.01297221
-1766.46423,0.00844351
-1774.00403,-0.00804412
-1780.49670,-0.03393685
-1786.93701,-0.03310306
-1793.37732,-0.02195588
-1799.76526,-0.00931609
-1806.15320,-0.01391030
-1819.19080,-0.03020453
-1825.63110,-0.00458322
-1832.01904,0.01304031
-1838.40698,0.02283298
-1844.79492,0.02233748
-1851.18286,0.01530093
-1857.62317,0.01007874
-1864.06348,0.00918446
-1870.45142,0.00800295
-1876.89172,0.00947020
-1884.48389,0.01706904
-1890.97656,0.01461368
-1897.41687,0.00308220
-1903.96191,-0.03180562
-1910.45459,-0.04018626
-1917.05188,-0.02688189
-1923.59692,-0.01133233
-1930.08960,-0.01072557
-1936.58228,-0.01875673
-1943.07495,-0.02491774
-1949.56763,-0.01523275
-1962.91943,0.04458212
-1969.41211,0.03740744
-1975.90479,0.02577475
-1982.39746,0.00897983
-1988.89014,-0.00045105
-1996.53467,0.00553053
-2003.07971,0.02172779
-2009.62476,0.02844240
-2016.11743,0.01924729
-2022.61011,0.00398107
-2029.10278,-0.02563596
-2035.64783,-0.03629996
-2042.19287,-0.02490856
-2048.68555,-0.00766635
-2055.28296,-0.00536553
-2061.82788,-0.01565285
-2068.32056,-0.02264990
-2075.91284,-0.01894864
-2082.40552,0.00522046
-2088.89819,0.02688128
-2102.14526,0.06887650
-2108.63794,0.00907777
-2115.13062,-0.00759504
-2121.72803,-0.00011354
-2128.27295,0.02169696
-2134.81787,0.03294275
-2141.31055,0.02291420
-2147.85547,-0.00722711
-2154.34814,-0.04316572
-2160.89307,-0.04952519
-2167.49048,-0.02621997
-2175.18750,-0.00221221
-2181.73242,-0.00101549
-2188.38208,-0.01681186
-2194.97949,-0.02894736
-2201.57690,-0.01792086
-2208.12183,0.01140348
-2214.71924,0.03566217
-2221.26416,0.03176275
-2227.80908,0.01282524
-2234.35400,-0.00337603
-2247.70581,0.00520652
-2254.40796,0.03347728
-2261.00537,0.03347031
-2267.60278,0.01477650
-2275.24731,-0.01986976
-2281.89697,-0.04664671
-2288.49438,-0.03313223
-2295.14404,-0.00878840
-2301.74146,0.00575210
-2308.28638,-0.00852203
-2314.93604,-0.03122394
-2321.58569,-0.04149838
-2328.28784,-0.01829501
-2334.88525,0.02082826
-2341.48267,0.04034943
-2348.02759,0.03594229
-2355.67212,0.01402626
-2362.26953,-0.00561195
-2368.86694,-0.00761482
-2375.46436,0.01304031
-2382.06177,0.03367516
-2395.30884,0.04303412
-2401.85376,-0.01851572
-2408.39868,-0.04162729
-2414.94360,-0.02865036
-2421.48853,-0.00184330
-2427.92871,0.00450870
-2434.36890,-0.01421107
-2441.90869,-0.04304519
-2448.40137,-0.03432782
-2454.84155,-0.00565763
-2461.33423,0.02785612
-2467.72217,0.03661313
-2474.11011,0.02130061
-2480.44556,-0.00259830
-2486.78101,-0.01034714
-2493.11646,0.00353971
-2499.50439,0.02596789
-2505.83984,0.03841326
-2512.17529,0.03233206
-2519.61035,0.01410440
-2525.94580,-0.01039702
-2538.98340,-0.06517477
-2545.37134,-0.01485321
-2551.75928,-0.00466179
-2558.09473,-0.01331657
-2564.43018,-0.03203478
-2570.81812,-0.03230927
-2577.25830,-0.01414470
-2583.75098,0.01926910
-2590.24365,0.03991805
-2596.68384,0.03512232
-2603.07178,0.01299322
-2609.51196,-0.00741382
-2615.95215,-0.01010701
-2622.44482,0.01210572
-2629.98462,0.04603970
-2636.42480,0.03916195
-2642.81274,0.01296252
-2649.25293,-0.02900372
-2655.69312,-0.05402748
-2662.18579,-0.03557249
-2668.62598,0.00364750
-2681.76831,0.01124980
-2688.15625,-0.04435707
-2694.54419,-0.05425019
-2701.03687,-0.02655859
-2707.47705,0.02000581
-2713.86499,0.05295585
-2720.30518,0.04828908
-2726.74536,0.01350626
-2733.18555,-0.01713111
-2740.77783,-0.01501701
-2747.27051,0.01486373
-2753.71069,0.04634574
-2760.15088,0.04868177
-2766.59106,0.01679139
-2772.97900,-0.01600914
-2779.41919,-0.03790547
-2785.91187,-0.03188473
-2792.35205,-0.00184031
-2798.79224,0.01208360
-2805.18018,-0.00794713
-2811.62036,-0.03649502
-2824.71045,-0.08371222
-2832.30273,0.02021002
-2838.69067,0.05498267
-2845.13086,0.04489759
-2851.51880,0.00963067
-2857.95898,-0.01769576
-2864.45166,-0.01343580
-2870.89185,0.01586945
-2877.33203,0.04165193
-2883.71997,0.04010927
-2890.10791,0.01013428
-2896.44336,-0.01725280
-2902.88354,-0.02852913
-2909.32373,-0.02702640
-2916.81128,-0.00131679
-2923.19922,0.00553663
-2929.53467,-0.01244156
-2935.97485,-0.03418118
-2942.36279,-0.03551727
-2948.80298,-0.01688720
-2955.24316,0.01280061
-2968.28076,0.06637654
-2974.72095,0.01747136
-2981.10889,0.00176914
-2987.60156,0.00561496
-2994.14648,0.01920971
-3000.63916,0.03408600
-3007.07935,0.02933991
-3013.51953,0.00582611
-3019.90747,-0.00967795
-3026.29541,-0.01678468
-3033.78296,-0.02837469
-3040.22314,-0.01866595
-3046.61108,-0.01612189
-3052.99902,-0.01897117
-3059.38696,-0.03356589
-3065.77490,-0.03854313
-3072.16284,-0.03025655
-3078.60303,-0.00631603
-3084.93848,0.01659693
-3091.37866,0.02298479
-3098.81372,0.02040183
-3111.90381,0.01849463
-3118.39648,0.01842421
-3124.94141,0.02300385
-3131.43408,0.02505493
-3137.97900,0.01393186
-3144.52393,0.00504495
-3151.06885,0.00747389
-3157.61377,0.00300702
-3164.15869,-0.01363882
-3170.75610,-0.02359626
-3177.35352,-0.02250687
-3184.00317,-0.01986650
-3190.65283,-0.01530134
-3197.30249,-0.01897887
-3205.15649,-0.02153840
-3211.85864,-0.00213772
-3218.56079,0.02104820
-3225.31519,0.03009559
-3232.06958,0.02403458
-3238.82397,0.01399038
-3245.68311,0.00384641
-3259.76782,0.02944316
-3266.73169,0.03346015
-3273.64331,0.02012849
-3280.55493,-0.00437878
-3287.46655,-0.03613008
-3294.37817,-0.04207082
-3301.34204,-0.02648847
-3308.30591,-0.01257217
-3315.26978,-0.00841624
-3323.38550,-0.01360544
-3330.34937,-0.01817401
-3337.36548,-0.00754134
-3344.38159,0.01533192
-3351.39771,0.03674613
-3358.41382,0.03463600
-3365.42993,0.01208283
-3372.49854,-0.00912270
-3379.56714,-0.00380716
-3386.68799,0.01754081
-3393.80884,0.03150691
-3408.15552,0.02686265
-3415.32886,-0.03510748
-3422.50220,-0.04890727
-3430.87988,-0.03811943
-3438.00073,-0.00847759
-3445.06934,-0.00086399
-3452.19019,-0.01200268
-3459.31104,-0.01700998
-3466.48437,-0.00143501
-3473.65771,0.02825382
-3480.83105,0.04501188
-3487.95190,0.04200401
-3495.12524,0.01995390
-3502.29858,-0.00123989
-3509.47192,-0.00022507
-3517.90186,0.01956302
-3525.12744,0.02526565
-3532.30078,0.01188256
-3539.52637,-0.02058557
-3546.69971,-0.04071584
-3553.97778,-0.04381837
-3568.63843,-0.03200412
-3575.86401,-0.00064574
-3583.03735,-0.00263969
-3590.21069,0.00334599
-3597.43628,0.00950543
-3604.60962,0.02569734
-3611.78296,0.02985911
-3618.90381,0.02040623
-3627.28149,0.00101165
-3634.45483,-0.00380639
-3641.68042,0.00776038
-3648.95850,0.02404484
-3656.13184,0.02889087
-3663.35742,0.00556412
-3670.58301,-0.02314935
-3677.86108,-0.04314889
-3685.13916,-0.04193093
-3692.46948,-0.02222183
-3699.74756,-0.00750687
-3707.18262,-0.00057424
-3714.56543,-0.00026589
-3729.54028,0.01717879
-3736.92310,0.03048989
-3745.56250,0.03861087
-3752.94531,0.02372171
-3760.32812,0.01635832
-3767.71094,0.01638495
-3775.14600,0.00714168
-3782.58105,-0.00022635
-3789.96387,-0.02155967
-3797.39893,-0.03425493
-3804.83398,-0.03507240
-3812.26904,-0.02635954
-3819.65186,-0.02413292
-3828.29126,-0.02139454
-3835.72632,-0.00608675
-3843.10913,0.01411866
-3850.49194,0.02540620
-3857.92700,0.02854502
-3865.36206,0.02527000
-3872.79712,0.02183524
-3880.17993,0.01856831
-3895.20728,0.03752608
-3902.59009,0.01025295
-3909.92041,-0.00270907
-3917.25073,-0.02503541
-3924.58105,-0.03734766
-3931.91138,-0.03286745
-3939.24170,-0.02577475
-3947.82861,-0.02942668
-3955.15894,-0.02267075
-3962.54175,-0.00788297
-3969.92456,0.01284980
-3977.30737,0.03166269
-3984.69019,0.03181328
-3992.07300,0.02431130
-3999.50806,0.01252436
-4006.94312,0.00976886
-4014.58765,0.01909913
-4022.12744,0.02499690
-4029.61499,0.01651026
-4037.10254,-0.00572379
-4045.84668,-0.04253244
-4061.18823,-0.08402037
-4068.67578,-0.02284759
-4076.21558,-0.01197102
-4083.75537,-0.00556805
-4091.29517,0.00240855
-4098.88721,0.01926058
-4106.37451,0.02809282
-4113.91455,0.02727637
-4121.45459,0.01848934
-4129.04687,0.01365695
-4136.58691,0.01956733
-4144.23145,0.02722012
-4153.08008,0.01977859
-4160.62012,-0.00821411
-4168.31689,-0.03118604
-4175.96143,-0.04464103
-4183.60596,-0.04010742
-4191.19824,-0.02973656
-4198.79053,-0.01992140
-4206.43506,-0.01284980
-4213.97510,-0.00292589
-4229.42139,0.02374172
-4237.01367,0.02809594
-4244.55371,0.03064649
-4252.09375,0.02162614
-4259.63379,0.01466221
-4267.17383,0.01580196
-4275.97021,0.01211450
-4283.45752,0.00889021
-4290.94482,-0.00548447
-4298.48486,-0.02010538
-4305.97217,-0.03131063
-4313.45947,-0.03764766
-4320.94678,-0.03356936
-4328.59131,-0.01902217
-4336.13135,0.00011368
-4343.61865,0.01436748
-4351.05371,0.01247154
-4358.48877,0.01073046
-4367.18066,0.02017498
-4374.66797,0.02011763
-4382.10303,0.01426885
-4397.33984,0.01561085
-4404.82715,0.00990767
-4412.26221,0.00698991
-4419.69727,-0.00906601
-4427.08008,-0.02664998
-4434.51514,-0.03616104
-4441.89795,-0.03769901
-4449.33301,-0.02749191
-4456.76807,-0.00906601
-4464.20312,0.01253453
-4472.84229,0.02350823
-4480.38232,0.01976656
-4487.81738,0.01274491
-4495.20020,0.01630856
-4502.58301,0.01662730
-4509.96582,0.01585659
-4517.34863,0.01530713
-4524.67920,0.01361507
-4532.06201,0.00586727
-4539.33984,-0.00674188
-4546.67041,-0.02699899
-4561.54053,-0.05898090
-4568.81836,-0.02043050
-4576.09619,-0.01635814
-4583.32178,-0.00792941
-4590.49512,0.00236322
-4598.87256,0.01048498
-4606.04590,0.01897502
-4613.21924,0.02621423
-4620.34033,0.02822519
-4627.46143,0.02458500
-4634.73926,0.01625118
-4641.96484,0.01156206
-4649.13818,0.00638588
-4656.25928,0.00753980
-4663.38037,0.00123838
-4670.50146,-0.02507615
-4677.62256,-0.03950476
-4685.94775,-0.04238675
-4693.12109,-0.02325756
-4700.24219,-0.01214579
-4707.36328,-0.01009399
-4721.70996,-0.00429400
-4728.88330,0.02716832
-4736.00439,0.03839131
-4743.12549,0.04088281
-4750.24658,0.02053129
-4757.36768,-0.00402516
-4764.48877,-0.00950971
-4771.66211,0.00842992
-4778.83545,0.02392397
-4786.11328,0.02420439
-4794.49072,-0.00620061
-4801.66406,-0.03247956
-4808.83740,-0.04918710
-4815.95850,-0.03494244
-4823.07959,-0.01287069
-4830.25293,-0.00120550
-4837.32129,-0.00353684
-4844.38965,-0.00409707
-4851.51074,0.00155018
-4858.57910,0.01709550
-4865.64746,0.02935420
-4879.78467,0.04757096
-4886.80078,0.01077893
-4894.96875,0.01189918
-4901.98486,0.01069999
-4908.94873,0.00986752
-4915.86035,0.00429110
-4922.82422,-0.02386340
-4929.89258,-0.04185775
-4936.96094,-0.04104000
-4943.92480,-0.01967837
-4950.83643,-0.00018821
-4957.74805,-0.00364527
-4964.65967,-0.01326310
-4971.57129,-0.01288476
-4978.48291,0.00412962
-4986.54639,0.03137240
-4993.40576,0.03605584
-5000.26514,0.02074466
-5007.17676,0.00026386
-5014.08838,-0.00108761
-5021.00000,0.01313168
-5035.08496,0.03876953
-5041.94434,-0.01026748
-5048.75098,-0.03497084
-5055.61035,-0.03893303
-5062.46973,-0.02639734
-5069.27637,-0.00674734
-5076.18799,-0.00530510
-5082.99463,-0.01946137
-5089.74902,-0.02794678
-5097.65527,-0.01163977
-5104.40967,0.02461753
-5111.16406,0.04496565
-5117.91846,0.03421044
-5124.62061,0.01450594
-5131.42725,0.00015066
-5138.23389,0.00052644
-5145.04053,0.01795601
-5151.89990,0.03249814
-5158.70654,0.02876956
-5165.56592,0.00007507
-5173.57715,-0.03676410
-5187.76660,-0.07446706
-5194.78271,-0.00967968
-5201.69434,-0.00747541
-5208.60596,-0.02064827
-5215.77930,-0.03256660
-5222.84766,-0.01041641
-5229.91602,0.02735407
-5236.93213,0.04623291
-5243.89600,0.03656311
-5250.96436,0.00698905
-5258.08545,-0.00984000
-5265.15381,-0.00026333
-5272.27490,0.03388397
-5279.34326,0.05639118
-5286.41162,0.03874687
-5294.57959,-0.00215226
-5301.54346,-0.04742413
-5308.55957,-0.05718216
-5315.62793,-0.04043272
-5322.59180,-0.00882055
-5336.83350,0.01236627
-5343.74512,-0.01497316
-5350.65674,-0.01028441
-5357.67285,0.00931005
-5364.68896,0.02875970
-5371.65283,0.03341382
-5378.56445,0.02712831
-5385.47607,0.00410289
-5392.38770,-0.00063860
-5399.35156,0.00090247
-5407.46729,0.01519495
-5414.37891,0.01402928
-5421.29053,-0.00611810
-5428.25439,-0.02486290
-5435.27051,-0.03306776
-5442.23437,-0.02269443
-5449.25049,-0.01164038
-5456.21436,-0.00733557
-5463.28271,-0.00732017
-5470.29883,-0.00699133
-5477.36719,0.00704034
-5499.20117,0.08810394
-5506.47900,0.02071906
-5513.75684,0.01295446
-5520.98242,0.01175359
-5528.15576,0.01122505
-5535.38135,0.00924284
-5543.86377,0.00039545
-5551.08936,-0.02393370
-5558.36719,-0.03788165
-5565.69775,-0.03909911
-5573.02832,-0.02717045
-5580.35889,-0.01618717
-5587.68945,-0.00958489
-5595.02002,-0.00458664
-5602.40283,0.00665574
-5609.78564,0.01947014
-5617.16846,0.02718592
-5625.75537,0.03227163
-5633.13818,0.01971756
-5640.57324,0.00733855
-5648.00830,0.00499918
-5663.34961,0.03341655
-5670.88965,0.00985189
-5678.32471,-0.01531333
-5685.75977,-0.04497883
-5693.19482,-0.06814665
-5700.62988,-0.05256423
-5708.06494,-0.01864699
-5715.50000,0.01509413
-5722.93506,0.03018989
-5730.31787,0.02120260
-5738.95703,0.00596843
-5746.39209,0.00414305
-5753.82715,0.02917012
-5761.26221,0.04469530
-5768.64502,0.03721136
-5776.02783,0.01633741
-5783.46289,-0.00682708
-5790.89795,-0.00646641
-5798.33301,-0.00112901
-5805.71582,-0.01033454
-5813.20312,-0.03327004
-5828.49219,-0.09731603
-5835.97949,-0.02494875
-5843.41455,-0.00131718
-5850.79736,0.01613977
-5859.43652,0.02355945
-5866.87158,0.02588574
-5874.30664,0.02665012
-5881.74170,0.02972721
-5889.12451,0.02639185
-5896.61182,0.02338468
-5903.99463,0.00616565
-5911.48193,-0.00181337
-5918.91699,-0.00760815
-5926.29980,-0.01295199
-5933.63037,-0.02815325
-5941.01318,-0.04058547
-5949.60010,-0.05084617
-5956.93066,-0.02417876
-5964.31348,-0.00114069
-5971.64404,0.01636813
-5978.92187,0.01619340
-5993.53027,0.02316433
-6000.70361,0.02200937
-6007.82471,0.01833912
-6014.94580,0.00958995
-6022.06689,0.00331713
-6029.08301,0.00380022
-6036.15137,0.00491300
-6043.11523,0.01512327
-6050.02686,-0.01579328
-6056.99072,-0.03251426
-6065.05420,-0.05437069
-6071.96582,-0.04021564
-6078.82520,-0.01838061
-6085.68457,-0.00018847
-6092.54395,0.00157869
-6099.40332,0.00248130
-6106.20996,0.00860935
-6113.12158,0.02056534
-6119.98096,0.02372110
-6126.89258,0.01942190
-6133.69922,0.00969568
-6147.52246,0.02394962
-6154.38184,0.02118229
-6162.39307,0.01984466
-6169.19971,0.00405618
-6175.95410,-0.01863597
-6182.76074,-0.04052061
-6189.51514,-0.03670058
-6196.32178,-0.02245814
-6203.07617,-0.00432260
-6209.77832,-0.00988358
-6216.48047,-0.01370283
-6223.18262,-0.00615313
-6229.88477,0.00908073
-6237.63379,0.03205870
-6244.23096,0.02924924
-6250.88086,0.02188511
-6257.47803,0.01264101
-6264.07520,0.00580699
-6270.67236,0.01151821
-6277.16504,0.02265082
-6283.60547,0.01882766
-6296.80029,-0.00046150
-6303.18799,-0.03269646
-6309.57568,-0.03502053
-6315.96338,-0.02186918
-6322.29883,-0.00906050
-6328.58203,-0.01076539
-6334.86523,-0.02481525
-6342.19580,-0.03707157
-6348.47900,-0.01295725
-6354.70996,0.01475835
-6360.94092,0.03483457
-6367.11914,0.04010927
-6373.24512,0.01214086
-6379.42334,-0.00225802
-6385.65430,-0.00141024
-6391.88525,0.01639951
-6398.06348,0.03685438
-6404.18945,0.03634739
-6410.26318,0.01703020
-6417.33154,-0.00342247
-6423.35303,-0.01371954
-6435.70996,-0.04427836
-6441.67920,-0.01301912
-6447.64844,-0.01645008
-6453.61768,-0.02402608
-6459.53418,-0.02993414
-6465.45068,-0.02157347
-6471.36719,-0.00357374
-6477.23145,0.01051176
-6483.09570,0.01519780
-6488.90771,0.01254667
-6494.71973,0.01029905
-6500.47949,0.00954924
-6507.33887,0.01082168
-6513.15088,0.01585847
-6518.96289,0.01647212
-6524.72266,0.02461000
-6530.48242,0.01210818
-6536.18945,-0.00327279
-6541.94922,-0.00788863
-6547.65625,-0.00992519
-6553.36328,-0.02288586
-6565.09180,-0.02962759
-6570.85156,-0.00600073
-6576.55859,-0.01475100
-6582.26563,-0.02596789
-6587.97266,-0.02772660
-6594.67480,-0.01524151
-6600.43457,0.01553020
-6606.14160,0.03324493
-6611.79639,0.02435194
-6617.45117,0.00435576
-6623.15820,-0.00349779
-6628.86523,0.00867096
-6634.57227,0.03051626
-6640.22705,0.03528561
-6645.82959,0.02518043
-6651.37988,0.00497066
-6657.87256,-0.01212711
-6663.47510,-0.00656489
-6668.92041,0.00459130
-6674.31348,-0.00048864
-6679.65430,-0.01673676
-6690.70215,-0.04775317
-6696.04297,-0.02493635
-6701.27881,-0.01692111
-6706.51465,-0.01377231
-6711.75049,-0.01464922
-6716.88184,-0.01464137
-6722.06543,-0.00544027
-6727.24902,0.00605040
-6732.32812,0.01390466
-6737.56396,0.01653472
-6742.69531,0.01135515
-6747.77441,0.00323649
-6752.90576,0.00545365
-6757.93213,0.01238388
-6763.01123,0.01829782
-6767.98535,0.01825160
-6773.01172,0.01299481
-6778.82373,0.00434542
-6783.79785,-0.00414641
-6788.77197,0.00067905
-6793.64160,0.01037423
-6803.69482,-0.02153857
-6808.56445,-0.02751426
-6813.38135,-0.01592325
-6818.19824,-0.00660470
-6823.01514,-0.00803072
-6827.77979,-0.01621814
-6832.49219,-0.02315398
-6837.25684,-0.02146262
-6842.07373,-0.00865530
-6846.83838,0.01335719
-6852.38867,0.02346160
-6857.10107,0.01619375
-6861.76123,0.01246935
-6866.42139,0.00354689
-6871.02930,0.00221408
-6875.63721,0.01486360
-6880.24512,0.01971031
-6884.80029,0.02483039
-6889.30322,0.02110718
-6893.80615,0.00874017
-6898.25684,0.00296401
-6907.36768,0.00323881
-6911.76611,0.01003896
-6916.05957,0.01436981
-6921.03369,-0.00096515
-6925.27490,-0.02612351
-6929.51611,-0.02569853
-6933.80957,-0.00999199
-6937.99854,0.00620821
-6942.13477,0.00437524
-6946.21875,-0.01209405
-6950.25049,-0.02506905
-6954.28223,-0.02609698
-6958.31396,-0.01542976
-6962.24072,0.00228866
-6966.16748,0.01174347
-6970.67041,0.00491689
-6974.49268,-0.00706363
-6978.26270,-0.01283675
-6981.98047,0.00063938
-6985.69824,0.01383114
-6989.36328,0.01742788
-6996.53662,0.01576208
-6999.99219,-0.00221318
-7003.34326,-0.00281450
-7006.64209,-0.03770229
-7009.94092,-0.08922038
-7013.29199,-0.08824351
-7017.16650,-0.01405511
-7020.56982,0.06994958
-7023.86865,0.12198874
-7027.01025,0.08346184
-7030.04736,0.04049956
-7033.03174,-0.02058960
-7036.01611,-0.06858489
-7039.10547,-0.02768532
-7042.24707,0.04002286
-7045.12695,0.01748745
-7048.05908,-0.03842736
-7051.46240,-0.01355590
-7053.87109,0.04406361
-7056.38428,0.09647945
-7058.89746,0.10968348
-7064.08105,-0.04005948
-7066.54199,-0.19615749
-7068.95068,-0.22541864
-7071.46387,-0.14783305
-7074.02930,-0.04771706
-7076.49023,0.04814828
-7079.00342,0.11094748
-7081.46436,0.14203550
-7083.92529,0.12721294
-7086.80518,0.07164654
-7089.10889,-0.02542328
-7091.09863,-0.08598603
-7093.14062,-0.09944872
-7095.07813,-0.05690487
-7097.06787,-0.02111895
-7099.05762,0.02347805
-7101.04736,0.07868244
-7103.03711,0.11960876
-7104.97461,0.08737997
-7107.01660,0.02211829
-7110.31543,-0.11275532
-7112.04346,-0.02716934
-7113.71875,0.02823792
-7115.39404,0.07034399
-7117.12207,0.08296125
-7118.79736,0.05428580
-7120.26367,-0.02024336
-7121.67725,-0.07396526
-7123.09082,-0.07241183
-7124.55713,-0.06051703
-7126.07568,-0.02441717
-7127.59424,0.03747394
-7129.06055,0.09415603
-7130.78857,0.12404408
-7132.25488,0.05636513
-7133.51172,-0.02111146
-7134.76855,-0.07563847
-7136.07764,-0.06354439
-7137.43896,-0.00078790
-7138.69580,0.05417756
-7139.95264,0.05352501
-7142.20410,-0.10976350
-7143.35596,-0.11310327
-7144.56006,-0.05094250
-7145.76416,0.04073967
-7147.02100,0.11876576
-7148.43457,0.15277342
-7149.74365,0.06513313
-7150.84326,-0.01853820
-7151.62842,-0.12148988
-7152.57080,-0.16647217
-7153.56543,-0.09113386
-7154.66504,0.02854621
-7155.76465,0.12293746
-7156.81201,0.16100310
-7157.91162,0.10409912
-7159.01123,0.01539534
-7159.90137,-0.08414312
-7160.63428,-0.12646504
-7161.36719,-0.09941404
-7162.10010,-0.01890577
-7162.78076,0.06233187
-7164.14209,0.12977086
-7164.66553,-0.01648351
-7165.13672,-0.06326878
-7165.66016,-0.06061798
-7166.23633,-0.00416377
-7166.70752,0.05001294
-7167.12646,0.02550137
-7167.59766,-0.02888382
-7168.22607,-0.04178650
-7168.74951,0.01279661
-7169.27295,0.04904434
-7169.74414,0.02159466
-7170.21533,-0.02735141
-7170.73877,-0.03436748
-7171.26221,-0.00378866
-7171.73340,0.03515538
-7172.15234,0.02381614
-7172.57129,-0.01511711
-7173.04248,-0.04156727
-7173.46143,-0.01613649
-7173.88037,0.01354159
-7174.61328,0.02706818
-7174.97998,-0.01796317
-7175.34668,-0.01863597
-7175.71338,0.00517974
-7175.97510,0.01765550
-7176.28906,0.00543805
-7176.55078,-0.00825252
-7176.81250,-0.01151367
-7177.02197,-0.01208606
-7177.28369,-0.01626560
-7177.54541,-0.01387924
-7177.85938,-0.00535217
-7178.17334,-0.00281393
-7178.48730,-0.00637954
-7178.85400,-0.00373253
-7179.22070,0.01935197
-7179.58740,0.03394786
-7179.84912,0.02637055
-7180.11084,-0.00429055
-7180.37256,-0.02645528
-7180.63428,-0.02073611
-7181.00098,-0.02484481
-7181.15820,-0.00427979
-7181.31543,-0.00447022
-7181.41992,-0.01170520
-7181.52441,-0.01189355
-7181.62891,-0.00427630
-7181.73340,0.00728018
-7181.78564,0.00845038
-7181.83789,0.00030009
-7181.94238,-0.00468798
-7182.04687,-0.00108783
-7182.09912,0.00487748
-7182.20361,0.00615939
-7182.30811,0.00043847
-7182.36035,-0.00528804
-7182.41260,-0.00345105
-7182.46484,0.00075053
-7182.51709,0.00156269
-7182.56934,0.00030266
-7182.56934,-0.00127954
-7182.62158,-0.00067905
-7182.62158,0.00038435
-7182.62158,0.00101240
-7182.62158,-0.00022475
-7182.62158,-0.00074931
-7182.62158,-0.00003747
-7182.62158,-0.00057002
-7182.62158,0.00041204
-7182.62158,0.00067424
-7182.62158,0.00082408
-7182.62158,0.00003747
-7182.62158,-0.00015029
-7182.62158,-0.00037466
-7182.62158,-0.00108628
-7182.62158,-0.00074931
-7182.62158,-0.00096380
-7182.67383,-0.00041909
-7182.67383,-0.00147545
-7182.72607,-0.00251838
-7182.72607,-0.00101961
-7182.77832,0.00011247
-7182.88281,0.00022756
-7182.93506,-0.00030003
-7182.98730,0.00007501
-7183.03955,0.00018760
-7183.14404,0.00112649
-7183.24854,0.00228820
-7183.35303,0.00171005
-7183.40527,0.00037504
-7183.50977,-0.00348927
-7183.61426,-0.00563473
-7183.71875,-0.00322598
-7183.82324,-0.00060018
-7183.92773,0.00022507
-7184.03223,0.00274558
-7184.18945,0.00760169
-7184.39893,0.00721525
-7184.60840,-0.00116563
-7184.81787,0.00044898
-7184.97510,0.00606310
-7185.18457,0.00950198
-7185.34180,0.00836505
-7185.76074,0.00251405
-7185.97021,-0.00629334
-7186.17969,-0.00503983
-7186.44141,-0.00078790
-7186.70312,-0.00120012
-7186.96484,0.00258882
-7187.17432,0.01027188
-7187.38379,0.00355163
-7187.59326,-0.01031565
-7187.75049,-0.00967795
-7187.95996,0.00532879
-7188.06445,0.00969174
-7188.16895,-0.00015243
-7188.32617,-0.00981976
-7188.37842,-0.00748908
-7188.48291,0.00056279
-7188.53516,0.00670303
-7188.58740,0.00634202
-7188.58740,0.00150046
-7188.58740,-0.00109466
-7188.58740,0.00000010
-7188.58740,0.00315418
-7188.58740,0.00213511
-7188.58740,-0.00142369
-7188.58740,-0.00003748
-7188.58740,0.00206271
-7188.58740,0.00149863
-7188.58740,-0.00056187
-7188.58740,0.00018733
-7188.58740,0.00086171
-7188.58740,0.00153439
-7188.58740,0.00052463
-7188.58740,-0.00011361
-7188.58740,-0.00007621
-7188.58740,-0.00022640
-7188.58740,-0.00034227
-7188.58740,0.00022484
-7188.58740,0.00022489
-7188.58740,0.00041204
-7188.58740,-0.00018737
-7188.58740,-0.00041263
-7188.58740,-0.00089899
-7188.58740,-0.00065236
-7188.58740,-0.00035041
-7188.58740,0.00020553
-7188.58740,0.00011338
-7188.58740,-0.00067424
-7188.58740,-0.00037466
-7188.58740,-0.00093683
-7188.58740,-0.00026274
-7188.58740,-0.00011272
-7188.58740,-0.00022130
-7188.58740,-0.00019286
-7188.58740,-0.00007582
-7188.58740,0.00053937
-7188.58740,0.00000010
-7188.58740,0.00003750
-7188.58740,0.00067424
-7188.58740,0.00041212
-7188.58740,-0.00090156
-7188.58740,-0.00068537
-7188.58740,-0.00045069
-7188.58740,0.00067424
-7188.58740,0.00069259
-7188.58740,-0.00119914
-7188.58740,-0.00056244
-7188.58740,0.00044950
-7188.58740,0.00044968
-7188.58740,0.00022754
-7188.58740,0.00018733
-7188.58740,0.00059945
-7188.58740,0.00045609
-7188.58740,0.00037855
-7188.58740,-0.00045142
-7188.58740,-0.00003777
-7188.58740,0.00003750
-7188.58740,0.00059921
-7188.58740,0.00052463
-7188.58740,0.00061376
-7188.58740,0.00011240
-7188.58740,0.00052441
-7188.58740,0.00007492
-7188.58740,-0.00026231
-7188.58740,0.00007502
-7188.58740,-0.00007760
-7188.58740,-0.00003792
-7188.58740,0.00030003
-7188.58740,0.00045060
-7188.58740,0.00007586
-7188.58740,-0.00003782
-7188.58740,-0.00060495
-7188.58740,-0.00063795
-7188.58740,-0.00007544
-7188.58740,0.00052484
-7188.58740,-0.00026285
-7188.58740,-0.00071272
-7188.58740,-0.00037458
-7188.58740,0.00018733
-7188.58740,-0.00014983
-7188.58740,0.00003747
-7188.58740,0.00075008
-7188.58740,0.00026221
-7188.58740,0.00011237
-7188.58740,-0.00013138
-7188.58740,-0.00033726
-7188.58740,-0.00007694
-7188.58740,0.00000010
-7188.58740,-0.00063653
-7188.58740,0.00018947
-7188.58740,0.00026504
-7188.58740,-0.00052655
-7188.58740,-0.00075435
-7188.58740,0.00022507
-7188.58740,-0.00033726
-7188.58740,0.00026253
-7188.58740,-0.00014983
-7188.58740,0.00000010
-7188.58740,0.00041170
-7188.58740,0.00033719
-7188.58740,0.00015005
-7188.58740,0.00044950
-7188.58740,0.00056187
-7188.58740,0.00037458
-7188.58740,-0.00026231
-7188.58740,0.00003750
-7188.58740,0.00026272
-7188.58740,0.00061435
-7188.58740,0.00003793
-7188.58740,0.00034166
-7188.58740,0.00030070
-7188.58740,0.00030144
-7188.58740,-0.00003749
-7188.58740,0.00044968
-7188.58740,0.00018756
-7188.58740,-0.00014983
-7188.58740,0.00026221
-7188.58740,-0.00014989
-7188.58740,0.00052562
-7188.58740,0.00060018
-7188.58740,-0.00003750
-7188.58740,-0.00003746
-7188.58740,0.00029966
-7188.58740,0.00011242
-7188.58740,0.00045875
-7188.58740,0.00045014
-7188.58740,0.00014983
-7188.58740,-0.00018733
-7188.58740,0.00049713
-7188.58740,0.00060592
-7188.58740,0.00039834
-7188.58740,0.00026247
-7188.58740,-0.00003747
-7188.58740,0.00030253
-7188.58740,-0.00026258
-7188.58740,-0.00007492
-7188.58740,-0.00003747
-7188.58740,-0.00026226
-7188.58740,-0.00030009
-7188.58740,0.00003746
-7188.58740,-0.00070058
-7188.58740,0.00000010
-7188.58740,0.00022461
-7188.58740,-0.00048765
-7188.58740,-0.00003746
-7188.58740,0.00026221
-7188.58740,0.00063692
-7188.58740,0.00029973
-7188.58740,0.00011407
-7188.58740,0.00003813
-7188.58740,0.00068125
-7188.58740,0.00061376
-7188.58740,-0.00033877
-7188.58740,0.00059933
-7188.58740,0.00022479
-7188.58740,0.00052441
-7188.58740,0.00041279
-7188.58740,0.00008134
-7188.58740,0.00064289
-7188.58740,0.00022475
-7188.58740,-0.00018729
-7188.58740,0.00015011
-7188.58740,-0.00022832
-7188.58740,-0.00030046
-7188.58740,-0.00056187
-7188.58740,0.00000010
-7188.58740,0.00000010
-7188.58740,0.00008763
-7188.58740,0.00007597
-7188.58740,0.00007588
-7188.58740,0.00003874
-7188.58740,0.00060971
-7188.58740,0.00033760

