-0.05236,-0.00045485
-0.10472,-0.00405354
-0.10472,-0.00211053
-0.15708,-0.00087347
-0.15708,-0.00078822
-0.20944,-0.00155737
-0.26180,-0.00172412
-0.31416,-0.00187366
-0.41888,-0.00064911
-0.52360,0.00266873
-0.62832,0.00507229
-0.78540,0.00370456
-0.89012,0.00194583
-1.04720,-0.00112328
-1.20428,-0.00886467
-1.41372,-0.01407069
-1.67552,-0.01052389
-1.93732,0.00147277
-2.25147,0.00822504
-2.56563,0.00922218
-2.98451,0.00771950
-3.45575,-0.00358860
-3.92699,-0.00879546
-4.45059,-0.00284449
-5.65487,0.03396853
-6.23083,0.01848540
-6.80678,-0.00344403
-7.43510,-0.02334998
-8.11578,-0.01206148
-8.84882,0.01755148
-9.58186,0.02726944
-10.31489,0.01014492
-11.10029,-0.01398608
-11.93805,-0.01092694
-12.93289,0.00503166
-13.77065,0.01165657
-14.66076,0.01396714
-15.44616,0.00793031
-16.28392,-0.02375548
-17.22640,-0.04991226
-18.22124,-0.02359855
-19.26843,0.01400930
-20.36799,0.04658828
-21.46755,0.06740070
-22.51475,0.02602765
-23.77138,-0.03300909
-24.92330,-0.04584849
-27.54129,0.00199743
-28.79793,0.03758647
-30.05457,0.00865280
-31.36357,-0.00969965
-32.72492,-0.01646082
-34.13864,-0.00404711
-35.55235,0.01499606
-37.01843,0.02506785
-38.43214,0.00079944
-39.89822,-0.02631517
-41.36430,-0.04385406
-43.14453,-0.02682522
-44.76769,0.02534226
-46.28613,0.06497196
-47.80456,0.05043903
-49.21828,-0.03855215
-50.73671,-0.09325622
-52.30751,-0.08896580
-53.87831,-0.02678248
-55.55383,0.04492043
-57.22934,0.08789442
-59.21901,0.12503082
-60.94689,0.05722418
-64.03612,-0.10716149
-65.60691,-0.08097976
-67.28242,-0.03448195
-68.95794,0.01352785
-70.63345,0.05143866
-72.25661,0.05225000
-73.82740,0.00649661
-75.45055,-0.04960863
-77.07371,-0.05819789
-79.01102,-0.04125315
-80.73890,-0.04453758
-82.51913,-0.00857963
-84.29937,0.03409667
-86.07961,0.07068327
-87.85984,0.05030286
-89.53535,-0.00580599
-91.26323,-0.06128113
-93.04346,-0.06467544
-94.87606,-0.02816843
-97.07517,0.01874379
-98.90777,0.04420046
-100.68800,0.03973786
-102.46824,-0.00547458
-106.23815,-0.08192800
-108.17547,0.00140459
-110.06042,0.03040470
-111.94538,0.03867321
-113.72562,0.01079450
-115.61057,-0.02834134
-117.49553,-0.03155893
-119.74700,0.00552284
-121.68432,0.03726458
-123.62164,0.03354513
-125.50659,0.00596432
-127.44391,-0.01615756
-129.43358,-0.02063989
-131.42325,0.00544359
-133.46529,0.03263062
-135.40260,0.02882733
-137.39227,0.00483602
-139.80083,-0.01707740
-141.89522,-0.01407353
-143.98961,0.00284971
-146.08400,0.02661145
-148.12604,0.01943488
-152.52426,-0.00785424
-154.67102,0.00609588
-156.76541,0.01183133
-158.91217,0.01047421
-161.00656,0.00483701
-163.15332,-0.00075328
-165.24771,-0.00412290
-167.34210,-0.00582256
-169.43649,0.00236130
-171.94977,-0.02816959
-174.14888,-0.02229994
-176.29564,0.02515482
-178.33768,0.01889808
-180.43207,-0.02781650
-182.63118,-0.05126150
-184.83029,-0.01327388
-187.02940,0.00751035
-189.28088,0.03678376
-191.53236,0.05322944
-193.67912,0.02736498
-196.29712,-0.03481800
-198.54860,-0.06089221
-203.26099,-0.03730058
-205.61719,0.03093475
-207.81630,-0.01397339
-210.12013,-0.05322290
-212.47633,-0.03377787
-214.83253,0.01406925
-217.13637,0.03948348
-219.38785,0.01659356
-221.69168,-0.02181834
-223.99551,-0.04524868
-226.35172,-0.01961050
-229.07443,0.02151138
-231.43063,0.03473400
-233.73447,0.01886698
-235.98595,-0.00847586
-238.28978,-0.02538491
-240.59361,-0.01222376
-242.94981,0.01312041
-245.25365,0.03005196
-247.50513,0.02863335
-249.80896,0.01315580
-254.46899,-0.00053847
-256.82520,0.00725739
-259.12903,0.01387359
-261.48523,0.02456500
-264.20795,0.02341855
-266.56415,0.01104453
-268.86798,0.00483504
-271.22418,0.00228634
-273.63275,0.00541484
-276.04132,0.01039067
-278.44989,0.02097317
-280.85846,0.03086564
-283.26703,0.02964837
-285.67560,0.02000076
-288.08417,0.01012191
-290.59744,0.01236276
-293.52960,0.02225295
-295.99051,0.02368031
-298.50378,0.03058443
-301.01706,0.03314662
-303.53033,0.05579519
-305.99124,0.04696359
-308.55688,0.02623664
-314.00232,0.15136585
-316.67267,0.14994088
-319.50009,0.18106969
-322.32751,0.23076099
-325.15494,0.26466444
-328.50598,0.32441413
-331.38577,0.20532966
-334.26556,0.13482037
-337.14536,0.03958831
-339.86807,-0.01048060
-342.48605,-0.08087469
-345.20877,-0.07644138
-348.03619,-0.02985718
-350.81128,0.03906957
-353.63870,0.05041183
-356.46613,-0.00747541
-359.18884,-0.07958901
-362.12100,-0.16869466
-364.63428,-0.19020641
-367.19992,-0.21094261
-369.76556,-0.21522810
-375.10626,-0.37303692
-377.77661,-0.11886046
-380.28989,-0.11306800
-382.90787,-0.12591217
-385.57822,-0.16072693
-388.24857,-0.11111605
-390.91891,-0.08355765
-393.58926,-0.05394852
-396.31198,-0.08492296
-399.55829,-0.10965078
-402.38571,-0.06405513
-405.21313,-0.03110423
-407.98822,-0.02332809
-410.76331,-0.04106677
-413.59073,-0.06239527
-416.47052,-0.04219394
-419.29794,-0.02965344
-422.12537,-0.02380523
-424.90045,-0.05924397
-427.83261,-0.08363506
-431.23599,-0.09922650
-434.06342,-0.04204365
-440.08481,-0.09299915
-443.01697,-0.02075725
-445.94913,-0.01184638
-448.82892,-0.02172355
-451.81345,-0.03761271
-454.79797,-0.02695592
-457.73013,-0.00720806
-460.66229,-0.00993649
-463.64682,-0.02687698
-466.57898,-0.04444562
-469.51114,-0.02693579
-472.44330,-0.00233139
-475.84668,0.00728119
-478.72647,0.00149954
-481.65863,-0.00990101
-484.59079,-0.01432354
-487.52295,-0.00277754
-490.40274,-0.00757269
-493.28253,-0.01146916
-496.16232,-0.01522345
-499.04211,-0.01936164
-504.90643,-0.02862262
-508.25748,-0.01762049
-511.08490,-0.05020043
-514.01703,-0.06962125
-516.89685,-0.05355062
-519.72430,-0.03133548
-522.65643,-0.05507927
-525.58856,-0.06397214
-528.46838,-0.04781289
-531.40051,-0.04815049
-534.33264,-0.04236143
-537.26477,-0.02736254
-540.14459,-0.02954098
-543.60034,-0.03994970
-546.53247,-0.03745219
-549.51697,-0.02617234
-552.44910,-0.01421395
-555.43359,0.00022493
-558.47046,0.00405289
-561.45496,0.01731389
-564.43945,0.01375154
-567.47632,0.01083860
-573.60242,0.05648569
-576.63928,0.01168061
-580.19977,0.00793360
-583.23663,-0.00121673
-586.37823,0.00530183
-589.36273,0.00267144
-592.45197,0.00372270
-595.48883,-0.01252117
-598.52570,-0.00612308
-601.61493,-0.00640924
-604.65179,-0.00206523
-607.68866,0.00564046
-610.72552,-0.00123687
-614.28601,-0.01299237
-617.37524,-0.00860061
-620.41211,-0.00247928
-623.44897,0.01122049
-626.48584,0.00367986
-629.52271,-0.00135234
-632.55957,-0.00052623
-635.64880,0.00060446
-641.87964,0.00318821
-644.91650,-0.00187901
-648.00574,-0.01074320
-651.09497,-0.00268445
-654.18420,0.00576027
-657.27344,0.00393630
-660.83392,-0.00289191
-663.92316,-0.01445660
-667.01239,0.00131344
-670.10162,0.01171072
-673.13849,-0.01054930
-676.22772,-0.02875372
-679.36932,-0.02333687
-682.51093,0.00210406
-685.60016,0.01221554
-688.68939,-0.00611561
-692.30225,-0.05111771
-695.44385,-0.04485247
-698.58545,-0.01569397
-701.67468,0.00766791
-704.71155,-0.00732069
-707.80078,-0.03269667
-714.13635,-0.07071042
-717.27795,-0.01331870
-720.36719,-0.01194921
-723.40405,-0.02175007
-726.44092,-0.03178382
-729.53015,-0.01964800
-732.61938,0.00304028
-735.60388,0.01285596
-739.11200,-0.00933298
-742.14886,-0.02767407
-745.23810,-0.01882692
-748.27496,0.01276168
-751.25946,0.02229541
-754.24396,0.00544027
-757.28082,-0.00889383
-760.26532,-0.01083640
-763.30219,0.00861005
-766.33905,0.01754821
-769.79480,0.01215417
-772.77930,-0.01640251
-775.86853,-0.02523954
-778.90540,0.00079832
-785.03149,0.01569186
-788.06836,-0.01671637
-791.10522,-0.02071087
-794.08972,-0.00743180
-797.12659,-0.00597039
-800.11108,-0.01934409
-803.14795,-0.03442850
-806.18481,-0.02733472
-809.27405,-0.00416631
-812.78217,-0.01086846
-815.76666,-0.02822313
-818.85590,-0.05045290
-821.89276,-0.04571646
-824.98199,-0.03215830
-828.07123,-0.01907908
-831.10809,-0.00948460
-834.14496,-0.01747122
-837.23419,-0.04363855
-840.32343,-0.04572443
-843.41266,-0.02175221
-846.97314,-0.01691328
-853.20398,-0.04854772
-856.29321,-0.03062904
-859.38245,-0.01055144
-862.41931,0.00869557
-865.40381,-0.00052602
-868.44067,-0.02595206
-871.47754,-0.02770956
-874.51440,-0.00243676
-877.55127,0.00412374
-880.53577,0.00367911
-883.57263,-0.00969568
-886.60950,-0.01377791
-890.16998,-0.00846852
-893.20685,0.00206355
-896.19135,0.00672002
-899.22821,-0.01318259
-902.31744,-0.02212725
-905.40668,-0.01210870
-908.49591,0.00444166
-911.53278,0.00142456
-914.62201,-0.00664898
-917.65887,-0.00496360
-923.94208,-0.02365324
-926.97894,-0.01666864
-930.01581,-0.01694828
-933.62866,-0.01448977
-936.66553,-0.00907223
-939.70239,-0.01470748
-942.73926,-0.02925893
-945.82849,-0.03756425
-948.86536,-0.02428966
-951.95459,-0.02333296
-954.99146,-0.02679408
-958.08069,-0.02820287
-961.16992,-0.02390098
-964.25916,-0.02141177
-967.34839,-0.02435893
-970.90887,-0.03545872
-973.99811,-0.02766092
-977.03497,-0.02452750
-980.12421,-0.02068143
-983.21344,-0.01316384
-986.30267,-0.02069368
-992.58588,-0.00671212
-995.62274,-0.00432260
-998.71198,-0.01355266
-1001.80121,-0.01374595
-1004.83807,0.00135041
-1008.45093,0.01456905
-1011.48779,0.00799774
-1014.52466,-0.00196806
-1017.56152,-0.01884608
-1020.59839,-0.00813998
-1023.63525,0.00071373
-1026.67212,0.00154830
-1029.76135,-0.00098959
-1032.79822,-0.00677877
-1035.83508,-0.01359124
-1038.87195,-0.01209589
-1041.90881,-0.00218275
-1044.89331,0.00116498
-1048.40137,-0.01942775
-1051.38586,-0.02920571
-1054.42273,-0.02983374
-1060.49646,-0.02883068
-1063.53333,-0.00976092
-1066.51782,-0.02847119
-1069.55469,-0.04678769
-1072.64392,-0.04032006
-1075.68079,-0.01646345
-1078.77002,-0.01742030
-1081.80688,-0.03472406
-1084.89612,-0.03679863
-1088.56128,-0.03122766
-1091.70288,-0.01498704
-1094.79211,-0.02002528
-1097.88135,-0.03536839
-1101.02295,-0.03343631
-1104.21692,-0.02715389
-1107.41089,-0.01044304
-1110.55249,0.00673368
-1113.69409,-0.00333852
-1116.83569,-0.03107212
-1120.08203,-0.03727951
-1126.67932,0.00152061
-1130.44922,0.01109337
-1133.69556,-0.00206439
-1136.99426,-0.01345643
-1140.29297,-0.00936506
-1143.64404,0.00419766
-1146.94275,-0.00461673
-1150.24146,-0.01955142
-1153.64490,-0.01112893
-1157.04834,-0.00165521
-1160.45178,0.00357631
-1163.85522,-0.00481243
-1167.31104,-0.00485670
-1170.76685,-0.00765133
-1174.74622,-0.01680522
-1178.20203,-0.02494512
-1181.65784,-0.02869626
-1185.16589,-0.02282505
-1188.67395,-0.00797994
-1192.18201,-0.00759119
-1195.69006,-0.02731389
-1203.02039,-0.07693201
-1206.63318,-0.02734969
-1210.19360,-0.01905970
-1213.85876,-0.02310215
-1217.47156,-0.03008256
-1221.13672,-0.03718942
-1225.43018,-0.04341411
-1229.14771,-0.02392156
-1232.91760,-0.01219176
-1236.68750,-0.01134146
-1240.40503,-0.00979466
-1244.12256,-0.01643921
-1247.94482,-0.01595130
-1251.71472,-0.00142950
-1255.48462,0.00753980
-1259.25452,0.00803725
-1263.07678,-0.00086399
-1266.89905,-0.00646773
-1270.77368,0.00158189
-1275.27661,0.02389032
-1279.09888,0.00956931
-1287.05762,-0.01962332
-1290.93225,-0.00688136
-1294.85925,-0.00257050
-1298.73389,-0.00690632
-1302.60852,-0.02572858
-1306.53552,-0.03347383
-1310.46252,-0.03589743
-1314.44189,-0.02971377
-1318.36890,-0.01565617
-1322.29590,-0.03644335
-1326.22290,-0.06518614
-1330.20227,-0.06189390
-1334.91467,-0.04784351
-1338.89404,-0.01538595
-1342.87341,-0.02213471
-1346.85278,-0.04500172
-1350.88452,-0.05304682
-1354.96863,-0.02416720
-1359.00037,-0.00281737
-1363.08447,0.00765666
-1371.40967,-0.02065756
-1375.54614,-0.01477200
-1379.68262,0.00371203
-1383.87146,0.01945992
-1387.95557,0.00615814
-1392.77271,-0.00971050
-1397.06616,-0.00872771
-1401.25500,-0.00231102
-1405.49609,0.00256376
-1409.68494,0.00367612
-1413.92603,-0.00078918
-1418.16724,-0.01134609
-1422.40845,-0.01195777
-1426.70190,0.00146682
-1430.99536,0.00045014
-1435.28882,-0.02147401
-1439.58228,-0.02855202
-1444.60876,-0.02837015
-1448.95459,-0.02568916
-1453.30042,-0.04134656
-1457.64624,-0.03841173
-1470.68384,-0.08596697
-1475.02966,-0.06335643
-1479.42786,-0.04407595
-1483.82605,-0.02269841
-1488.17188,-0.00543727
-1492.57007,0.01560882
-1496.96826,-0.01394702
-1501.99475,-0.02699427
-1506.39294,-0.02096121
-1510.73877,0.00713298
-1515.03223,0.02443410
-1519.27344,0.01816293
-1523.61926,-0.00567115
-1527.86035,-0.02213626
-1532.15381,-0.01764657
-1536.39502,-0.00511194
-1540.63623,0.00307969
-1544.87744,-0.01105305
-1549.74695,-0.02512889
-1554.04041,-0.02169964
-1558.22925,-0.02722738
-1566.86865,-0.05747038
-1571.05750,-0.02034776
-1575.29858,-0.03837362
-1579.59204,-0.04631431
-1583.72852,-0.04210239
-1587.91736,-0.02963405
-1592.15845,-0.03981878
-1596.45190,-0.03441200
-1600.69312,-0.03355873
-1604.93433,-0.02680009
-1609.17554,-0.02912462
-1613.41675,-0.02123580
-1617.71021,-0.00842479
-1622.63208,-0.01421890
-1626.87329,-0.01267887
-1631.16675,-0.00943645
-1635.46021,-0.00045169
-1639.70142,0.01284197
-1643.99487,0.01007551
-1648.23608,-0.00375420
-1656.98022,-0.01800996
-1661.22144,0.00232618
-1665.61963,-0.00568275
-1669.91309,-0.01023432
-1674.20654,-0.01116440
-1678.44775,-0.02137008
-1682.68896,-0.02683768
-1686.98242,-0.03208843
-1692.00891,-0.02965600
-1696.25000,-0.01868450
-1700.49121,-0.03676122
-1704.73242,-0.06342015
-1709.07825,-0.05098382
-1713.37170,-0.03338519
-1717.61279,-0.01283153
-1721.85400,-0.03119786
-1726.09521,-0.06169393
-1730.38867,-0.06714870
-1734.68213,-0.04461481
-1739.70862,-0.01039724
-1743.94971,0.01003798
-1752.43201,-0.05371599
-1756.77783,-0.05179759
-1761.12366,-0.00788971
-1765.41711,0.03284534
-1769.65820,0.01827508
-1773.89941,-0.02283759
-1778.14063,-0.03924496
-1782.48645,-0.02730834
-1786.83228,0.01635832
-1791.12573,0.02397957
-1796.15222,0.00238053
-1800.44568,-0.04239902
-1804.79150,-0.04087491
-1809.13733,-0.01549223
-1813.53552,-0.00157933
-1817.82898,0.01458488
-1822.22717,-0.01325762
-1826.52063,-0.04890171
-1830.86646,-0.05151370
-1835.26465,-0.03035911
-1839.61047,-0.00981440
-1848.51160,-0.05766851
-1852.90979,-0.05123817
-1857.30798,-0.03213662
-1861.65381,-0.00821743
-1866.68030,-0.02122211
-1871.02612,-0.03337717
-1875.37195,-0.03577366
-1879.71777,-0.01025313
-1884.11597,0.00782334
-1888.40942,0.00443626
-1892.70288,-0.00663953
-1897.04871,-0.01118624
-1901.34216,-0.00447931
-1905.63562,0.00105395
-1909.92908,-0.00921088
-1914.27490,-0.00475818
-1919.30139,-0.01267629
-1923.64722,-0.00551979
-1927.94067,-0.00146503
-1932.33887,-0.01724512
-1941.23999,-0.07230916
-1945.58582,-0.02106278
-1949.93164,-0.01710334
-1954.27747,-0.03559704
-1958.62329,-0.05946775
-1963.02148,-0.06186897
-1967.41968,-0.03712175
-1971.81787,-0.02090305
-1976.21606,-0.04179559
-1980.61426,-0.04739030
-1985.74548,-0.05468496
-1990.19604,-0.03038879
-1994.59424,-0.00349637
-1998.99243,0.01346189
-2003.39063,-0.00461458
-2007.78882,-0.02995138
-2012.18701,-0.02784482
-2016.63757,0.00208244
-2021.08813,0.03747270
-2025.48633,0.02082818
-2029.88452,-0.00990567
-2038.89038,-0.04845701
-2043.28857,0.00705215
-2047.68677,0.01372919
-2052.08496,-0.00086487
-2056.48315,-0.02562553
-2061.71924,-0.04024391
-2066.22217,-0.01689746
-2070.62036,0.00541704
-2075.07104,0.00405041
-2079.52173,-0.03459726
-2083.91992,-0.07466542
-2088.42285,-0.08017067
-2092.92578,-0.06623242
-2097.42871,-0.02067714
-2101.93164,-0.00946058
-2106.48706,-0.03389778
-2110.93774,-0.04041982
-2116.22607,-0.05017093
-2120.78149,-0.04142611
-2125.28442,-0.03160660
-2134.55200,-0.00211204
-2139.10742,0.01293882
-2143.66284,0.01591578
-2148.16577,-0.00139047
-2152.77344,-0.01534172
-2157.32886,-0.02171913
-2161.98877,-0.00504904
-2166.59644,0.00195060
-2171.25635,-0.00063886
-2175.91626,-0.00650137
-2181.36157,-0.01205592
-2186.07397,-0.02241142
-2190.83862,-0.02275542
-2195.55103,-0.01786998
-2200.26343,-0.01141508
-2204.97583,-0.03189771
-2209.79297,-0.06817808
-2214.61011,-0.07377932
-2219.42725,-0.04919153
-2224.19189,-0.02419179
-2228.95654,-0.02340714
-2238.74780,-0.09701961
-2243.51245,-0.05032310
-2248.38184,-0.01235316
-2253.30371,-0.00669742
-2258.90625,0.00877710
-2263.72339,0.01551745
-2268.54053,-0.00720366
-2273.35767,-0.00322992
-2278.22705,-0.01026146
-2283.09644,0.00582019
-2287.96582,0.00131370
-2292.88770,0.00219293
-2297.80957,-0.00998706
-2302.73145,-0.00790947
-2307.65332,-0.01320939
-2312.62744,-0.03230945
-2317.65405,-0.03611084
-2323.51831,-0.04166010
-2328.44019,-0.04048309
-2333.46680,-0.05730584
-2338.44092,-0.06587011
-2348.75586,-0.12375949
-2353.83472,-0.04979370
-2358.86133,-0.04778714
-2363.99268,-0.03890729
-2369.07153,-0.02716934
-2374.20288,-0.01654369
-2379.28174,-0.01354163
-2384.36060,-0.00639511
-2389.49194,0.00596432
-2395.46094,0.02209542
-2400.53979,0.02427185
-2405.56641,0.00481319
-2410.69775,-0.00658053
-2415.82910,-0.00163203
-2420.90796,0.01101557
-2425.98682,0.01135528
-2431.01343,-0.01350687
-2436.04004,-0.04317707
-2441.11890,-0.04207928
-2446.19775,-0.02365232
-2456.46021,-0.04408163
-2461.43433,-0.07109212
-2466.51318,-0.07592317
-2472.42993,-0.05969699
-2477.50879,-0.01867775
-2482.53540,-0.01399462
-2487.56201,-0.02318208
-2492.43140,-0.03578592
-2497.40552,-0.01850067
-2502.48437,-0.02409416
-2507.56323,-0.00138849
-2512.64209,0.01215811
-2517.77344,0.01280321
-2522.90479,-0.00091200
-2528.08838,-0.01069771
-2533.21973,-0.02593918
-2539.18872,-0.01946821
-2544.32007,-0.00285783
-2549.39893,-0.00730240
-2554.58252,-0.01426892
-2559.66138,-0.02504872
-2570.08105,-0.05977185
-2575.21240,-0.01320135
-2580.29126,-0.02134553
-2585.37012,-0.04812719
-2590.44897,-0.06193223
-2595.58032,-0.05123439
-2601.49707,-0.03058150
-2607.04712,-0.01958959
-2612.12598,-0.04595123
-2617.15259,-0.04598904
-2622.17920,-0.04497530
-2627.31055,-0.01223450
-2632.38940,0.00758976
-2637.36353,-0.00729275
-2642.28540,-0.01842895
-2647.25952,-0.01346661
-2652.28613,0.00369118
-2657.15552,0.00851683
-2662.07739,0.00595214
-2666.94678,-0.00967598
-2671.86865,-0.01391496
-2681.76465,-0.02443384
-2686.63403,-0.02376891
-2691.50342,-0.03199878
-2696.37280,-0.02547546
-2701.24219,-0.01665815
-2706.05933,-0.02250594
-2710.92871,-0.04863129
-2715.74585,-0.06587279
-2720.61523,-0.05029485
-2726.27002,-0.03404922
-2731.13940,-0.02446656
-2735.95654,-0.03410027
-2740.77368,-0.04614580
-2745.53833,-0.05047940
-2750.35547,-0.01518238
-2755.06787,-0.00403496
-2759.78027,-0.01485453
-2764.44019,-0.02556357
-2769.15259,-0.02682186
-2773.86499,-0.00075145
-2783.39453,0.02170564
-2788.00220,-0.02769270
-2792.66211,-0.02882983
-2797.26978,-0.00398188
-2801.98218,0.03033950
-2807.37524,0.03438095
-2811.98291,-0.00760815
-2816.59058,-0.03970076
-2821.25049,-0.03780641
-2825.96289,-0.01395359
-2830.67529,0.00893918
-2835.28296,-0.00678641
-2839.83838,-0.05084218
-2844.49829,-0.07948159
-2849.15820,-0.06020153
-2853.81812,-0.02246380
-2858.42578,-0.00804542
-2863.03345,-0.01759271
-2867.64111,-0.04624237
-2873.03418,-0.06473611
-2877.64185,-0.03302624
-2887.11890,0.00523496
-2891.67432,0.00708085
-2896.28198,-0.00799612
-2900.83740,-0.01109740
-2905.49731,-0.00569656
-2910.05273,0.00303966
-2914.66040,0.01699685
-2919.21582,0.00961856
-2923.82349,-0.00952099
-2928.43115,-0.01551390
-2933.03882,-0.01023634
-2937.59424,-0.00390834
-2942.20190,-0.01629728
-2947.54272,-0.03204682
-2952.15039,-0.03782015
-2956.70581,-0.04684467
-2961.26123,-0.04803420
-2965.81665,-0.04242799
-2970.42432,-0.04800794
-2974.97974,-0.04928513
-2984.29980,-0.09702908
-2988.85522,-0.03087206
-2993.41064,-0.02134986
-2997.91357,-0.02202818
-3002.46899,-0.02489295
-3007.02441,-0.02175663
-3011.52734,-0.00984200
-3016.92041,-0.00542202
-3021.42334,0.00215556
-3025.92627,0.00490130
-3030.48169,-0.00551643
-3034.98462,-0.00880242
-3039.54004,0.00225023
-3044.04297,0.00772579
-3048.59839,0.00315096
-3053.15381,-0.00659256
-3057.76147,0.00041666
-3062.31689,-0.01370140
-3066.92456,-0.01227872
-3072.26538,-0.03662527
-3076.87305,-0.03725706
-3086.35010,-0.08588526
-3091.01001,-0.04548978
-3095.66992,-0.04821641
-3100.32983,-0.03236309
-3104.98975,-0.04986589
-3109.64966,-0.05543824
-3114.41431,-0.04796750
-3119.12671,-0.03507490
-3123.83911,-0.00647954
-3128.55151,-0.00018782
-3133.10693,-0.02378710
-3137.76685,-0.02084851
-3142.47925,-0.03261957
-3147.97705,-0.01395225
-3152.68945,0.01024271
-3157.34937,0.00285319
-3162.00928,0.00184031
-3166.66919,-0.01233875
-3171.38159,-0.00499105
-3176.09399,-0.00654957
-3180.80640,-0.00093779
-3190.44067,-0.01371008
-3195.20532,-0.03007182
-3199.96997,-0.02951492
-3204.68237,-0.02283834
-3209.44702,-0.02995406
-3214.21167,-0.04920510
-3218.92407,-0.05792984
-3224.47412,-0.07045131
-3229.23877,-0.04175024
-3234.05591,-0.02740706
-3238.82056,-0.02062312
-3243.58521,-0.01966000
-3248.40234,-0.01788916
-3253.16699,-0.02590924
-3257.98413,-0.02109002
-3262.80127,-0.00266548
-3267.67065,0.00052548
-3272.48779,0.01085184
-3278.09033,0.01346816
-3282.95972,-0.01093360
-3292.90820,-0.04807729
-3297.93481,-0.00765488
-3302.85669,0.00165285
-3307.77856,-0.00333920
-3312.75269,-0.01713800
-3317.77930,-0.04133762
-3322.80591,-0.03517624
-3327.78003,-0.02840132
-3332.80664,-0.02334229
-3337.83325,-0.03683625
-3342.85986,-0.05865426
-3347.99121,-0.05892868
-3353.07007,-0.03999534
-3358.98682,-0.02989867
-3364.11816,-0.02612301
-3369.19702,-0.02716934
-3374.27588,-0.02864794
-3379.45947,-0.02438952
-3384.90479,-0.01314242
-3390.08838,-0.00241930
-3395.21973,-0.00255130
-3405.74414,-0.01037351
-3410.98022,-0.00416863
-3416.32104,-0.01894225
-3421.55713,-0.01327798
-3426.84546,0.00727548
-3432.13379,-0.00262580
-3437.36987,-0.00342049
-3442.65820,-0.03721136
-3447.94653,-0.05234345
-3453.33960,-0.03406168
-3458.68042,-0.03080317
-3464.02124,-0.03064686
-3470.25195,-0.05979512
-3475.64502,-0.07023730
-3481.03809,-0.05796037
-3486.48340,-0.03481063
-3491.87646,-0.02179649
-3497.32178,-0.03049649
-3502.76709,-0.04173092
-3508.16016,-0.03524450
-3519.26050,0.00061105
-3524.75830,0.00654426
-3530.25610,0.00151878
-3535.85864,-0.00766260
-3541.35645,-0.00822943
-3546.85425,0.00263275
-3553.34692,0.00000010
-3558.89697,-0.00943837
-3564.39478,-0.00890288
-3569.94482,-0.02678376
-3575.49487,-0.02465004
-3580.99268,-0.03886186
-3586.54272,-0.04968824
-3592.19751,-0.05850550
-3597.74756,-0.06916153
-3603.35010,-0.05312702
-3608.84790,-0.05266608
-3615.34058,-0.07034859
-3620.94312,-0.06255704
-3626.54565,-0.03847271
-3632.14819,-0.00627632
-3643.45801,-0.00176433
-3649.06055,-0.02811289
-3654.71533,-0.01539000
-3660.31787,0.01355156
-3665.81567,0.02389357
-3671.36572,0.00154517
-3676.91577,-0.01605467
-3682.41357,-0.01521996
-3687.96362,-0.01040336
-3693.46143,-0.01676762
-3699.01147,-0.02685343
-3705.45166,-0.04877560
-3711.00171,-0.04656203
-3716.55176,-0.04571684
-3722.10181,-0.05896159
-3727.70435,-0.04838698
-3733.25439,-0.05307395
-3738.80444,-0.04927512
-3744.45923,-0.06139371
-3750.06177,-0.02810730
-3755.71655,0.00108894
-3767.18335,0.00417243
-3772.83813,-0.02344154
-3778.54541,-0.02013710
-3784.25269,0.01880471
-3789.85522,0.04136734
-3796.40015,0.02484351
-3802.00269,-0.02698255
-3807.65747,-0.04641149
-3813.31226,-0.02075228
-3818.96704,0.01384234
-3824.56958,0.01830559
-3830.11963,-0.03497291
-3835.66968,-0.08713067
-3841.27222,-0.10293626
-3846.87476,-0.06153091
-3853.41968,-0.02161044
-3858.96973,-0.01375713
-3864.51978,-0.05602186
-3870.06982,-0.09320008
-3875.67236,-0.07403887
-3887.13916,-0.00323400
-3892.63696,0.03183801
-3898.18701,0.00969537
-3903.68481,-0.04354206
-3909.23486,-0.03405149
-3914.83740,-0.00383162
-3920.38745,0.02389966
-3925.88525,0.02658513
-3931.43530,-0.01564035
-3936.98535,-0.03731709
-3943.47803,-0.04112879
-3949.08057,-0.01272932
-3954.68311,0.00426640
-3960.18091,-0.00657385
-3965.67871,-0.04792162
-3971.22876,-0.08075975
-3976.77881,-0.07128091
-3982.38135,-0.05037197
-3987.98389,-0.03294924
-3993.53394,-0.04164455
-3999.08398,-0.03739310
-4010.23657,-0.05692311
-4015.78662,-0.00947020
-4021.33667,-0.00879554
-4027.72461,0.00043931
-4033.22241,0.02006863
-4038.72021,0.02823416
-4044.16553,-0.00394511
-4049.61084,-0.03191718
-4055.10864,-0.04652366
-4060.60645,-0.01839931
-4066.20898,0.01210081
-4071.70679,0.01933093
-4077.15210,-0.00917887
-4082.54517,-0.07359747
-4088.93311,-0.11691416
-4094.48315,-0.09227047
-4099.98096,-0.03594737
-4105.53125,0.01143800
-4111.02881,-0.00552125
-4116.36963,-0.06036031
-4121.76270,-0.10578781
-4132.91553,-0.13088217
-4138.36084,0.01741021
-4143.75391,0.05439160
-4149.14697,0.02450494
-4154.48779,-0.02761745
-4159.88086,-0.02772096
-4166.21631,-0.00535962
-4171.60937,0.02887566
-4177.00244,0.02678376
-4182.34326,-0.00547667
-4187.68408,-0.02847707
-4193.07715,-0.03346021
-4198.47021,-0.01939136
-4203.86328,-0.00616690
-4209.30859,-0.01709860
-4214.64941,-0.04730739
-4220.09473,-0.06705683
-4225.54004,-0.07701603
-4230.93311,-0.05586717
-4236.32617,-0.02239322
-4242.60938,-0.04104722
-4253.60498,-0.11037473
-4258.99805,-0.03362057
-4264.39111,0.00866515
-4269.73193,0.00506508
-4275.02051,-0.01028232
-4280.36133,-0.02181633
-4285.80664,-0.01895099
-4291.09521,0.00203840
-4296.48828,-0.00251634
-4301.82910,-0.02888501
-4307.22217,-0.03502856
-4313.55762,-0.03948051
-4318.95068,-0.00352406
-4324.39600,0.00033795
-4329.89355,-0.02043879
-4335.33887,-0.04822722
-4340.83643,-0.04678873
-4346.28174,-0.04819575
-4351.77930,-0.03052128
-4357.17236,-0.02284912
-4368.06299,-0.08145694
-4373.50830,-0.06671523
-4379.00586,-0.04402604
-4384.45117,-0.00037519
-4390.73437,0.01384798
-4396.12744,-0.01069661
-4401.52051,-0.03316012
-4406.96582,-0.02381977
-4412.35889,0.01364437
-4417.75195,0.02431731
-4423.09277,-0.00139131
-4428.48584,-0.02337046
-4433.93115,-0.03232284
-4439.48145,-0.00201602
-4444.92676,0.01781171
-4450.26758,0.01473563
-4455.66064,-0.02432452
-4461.99609,-0.08427456
-4467.28467,-0.08425072
-4472.72998,-0.04325951
-4478.12305,-0.03216208
-4488.90918,-0.06266108
-4494.61621,-0.07791720
-4500.06152,-0.06114895
-4505.55908,-0.04530175
-4510.89990,0.01338125
-4516.29297,0.01765550
-4521.68604,-0.00329426
-4526.97461,-0.03928368
-4532.36768,-0.05044466
-4537.76074,0.00000010
-4543.15381,0.03941391
-4548.49463,0.02059810
-4553.88770,-0.02770438
-4559.22852,-0.05947752
-4564.67383,-0.03848626
-4570.06689,-0.00150137
-4575.51221,0.00908147
-4581.74316,-0.00583576
-4587.08398,-0.04204365
-4592.42480,-0.07536352
-4597.87012,-0.06552647
-4608.91797,-0.06825837
-4614.31104,-0.03222089
-4619.70410,-0.06044038
-4625.14941,-0.06590220
-4630.54248,-0.03459023
-4635.88330,-0.00228913
-4641.27637,0.01149252
-4646.66943,-0.02370916
-4652.01025,-0.03182618
-4658.39795,-0.01262485
-4663.84326,0.01739042
-4669.34082,0.02948045
-4674.68164,0.00677604
-4680.07471,-0.02937574
-4685.46777,-0.03327870
-4690.91309,-0.01538282
-4696.30615,0.01969649
-4701.75146,0.01136995
-4707.09229,-0.02644557
-4712.48535,-0.06376947
-4723.53320,-0.12442952
-4728.92627,-0.03028195
-4734.26709,-0.01983829
-4739.60791,-0.04277176
-4745.00098,-0.07473802
-4751.33643,-0.09297478
-4756.72949,-0.04082473
-4762.17480,0.00082542
-4767.56787,0.01851854
-4772.96094,-0.00499410
-4778.35400,-0.02292781
-4783.85156,-0.02343211
-4789.29688,0.01172066
-4794.63770,0.04153062
-4800.03076,0.02516506
-4805.31934,-0.02079060
-4810.81689,-0.05318198
-4816.20996,-0.03802441
-4822.54541,0.01368275
-4827.88623,0.01664124
-4833.22705,-0.01689405
-4844.11768,-0.15659611
-4849.51074,-0.07432531
-4854.90381,-0.03487219
-4860.24463,-0.00564504
-4865.58545,-0.01380421
-4870.82129,-0.05730973
-4876.16211,-0.08066019
-4881.60742,-0.05556252
-4887.05273,-0.00270450
-4892.44580,0.04223053
-4897.78662,0.01097359
-4903.02246,-0.02048534
-4909.30566,-0.05095993
-4914.69873,-0.02167255
-4920.09180,0.02004650
-4925.48486,0.03191575
-4930.82568,0.00613179
-4936.16650,-0.03448900
-4941.61182,-0.04742119
-4947.05713,-0.01751946
-4952.50244,0.01245634
-4963.44580,-0.01038695
-4968.78662,-0.07170518
-4974.17969,-0.09398735
-4980.56738,-0.07975151
-4986.01270,-0.01500971
-4991.45801,-0.00469307
-4996.79883,-0.03816820
-5002.24414,-0.08770674
-5007.74170,-0.08195795
-5013.23926,-0.03710672
-5018.68457,0.03089077
-5024.07764,0.03915056
-5029.41846,0.01207869
-5034.81152,-0.04536980
-5040.15234,-0.04486370
-5046.54004,-0.01592489
-5051.98535,0.02036748
-5057.32617,0.03139708
-5062.71924,0.00337809
-5068.06006,-0.04648681
-5073.50537,-0.04745409
-5084.60547,-0.03372099
-5090.05078,0.01555186
-5095.39160,-0.03296585
-5100.73242,-0.07888116
-5106.17773,-0.11276996
-5111.72803,-0.07049312
-5117.27832,-0.02896702
-5122.67139,0.00995340
-5128.01221,-0.01736780
-5133.35303,-0.05884189
-5139.68848,-0.08301506
-5145.13379,-0.03695630
-5150.52686,0.02112324
-5155.91992,0.04817929
-5161.26074,0.02174982
-5166.54932,-0.02438244
-5171.89014,-0.05834218
-5177.23096,-0.03818144
-5182.57178,0.00603934
-5187.96484,0.02630623
-5198.85547,-0.01035137
-5204.24854,-0.04378087
-5210.53174,-0.03053225
-5215.87256,-0.00541653
-5221.21338,-0.02087393
-5226.55420,-0.06245821
-5231.94727,-0.09327377
-5237.39258,-0.07130384
-5242.73340,-0.03063374
-5248.07422,-0.01136765
-5253.36279,-0.03575569
-5258.65137,-0.07022144
-5263.99219,-0.06687587
-5269.28076,-0.02278335
-5274.67383,0.02276112
-5280.90479,0.02719008
-5286.14063,0.00948847
-5291.42920,-0.01369585
-5296.71777,-0.02451934
-5302.00635,-0.01026563
-5307.39941,0.00789664
-5318.18555,0.02753617
-5323.42139,-0.00470420
-5328.81445,-0.01267374
-5334.20752,-0.02451492
-5339.54834,-0.02000912
-5344.83691,-0.01377110
-5350.12549,-0.03771435
-5356.25146,-0.07752875
-5361.54004,-0.06867712
-5366.88086,-0.05490870
-5372.11670,-0.03418684
-5377.35254,-0.02765337
-5382.58838,-0.04868986
-5387.82422,-0.04033301
-5393.06006,-0.02359470
-5398.24365,-0.01203873
-5403.47949,-0.01265679
-5409.60547,-0.02634458
-5414.78906,0.00075099
-5419.97266,0.00671318
-5425.10400,0.01154648
-5435.57617,-0.03764617
-5440.86475,-0.03211942
-5446.15332,-0.01366666
-5451.38916,0.01934886
-5456.62500,-0.00354402
-5461.80859,-0.03402767
-5466.99219,-0.05551695
-5472.17578,-0.04079154
-5477.41162,-0.04883991
-5483.48535,-0.04072279
-5488.72119,-0.04276305
-5493.90479,-0.05155122
-5499.14063,-0.04847840
-5504.27197,-0.06134370
-5509.50781,-0.03455970
-5514.74365,-0.03584418
-5519.97949,-0.01293282
-5525.21533,-0.01323359
-5530.45117,-0.02663313
-5535.68701,0.00694244
-5546.42090,0.02457556
-5551.81396,-0.00860496
-5557.10254,-0.02219643
-5562.39111,-0.00817808
-5568.56934,-0.00562711
-5573.80518,0.00165655
-5579.09375,-0.00738976
-5584.32959,-0.02093701
-5589.61816,-0.03190034
-5594.85400,-0.04099995
-5600.14258,-0.04635472
-5605.37842,-0.06487456
-5610.61426,-0.05537817
-5615.85010,-0.05242846
-5621.13867,-0.03395238
-5627.16016,-0.03490247
-5632.39600,-0.04006223
-5637.63184,-0.04969835
-5642.81543,-0.01810260
-5647.99902,-0.00030064
-5653.18262,-0.00270522
-5663.86426,-0.01628061
-5669.04785,0.00083684
-5674.23145,0.01030951
-5679.36279,-0.02444897
-5684.54639,-0.02045206
-5689.72998,-0.01639584
-5694.86133,-0.01564605
-5700.09717,-0.00108916
-5706.17090,-0.02728134
-5711.35449,-0.02395666
-5716.59033,-0.03027114
-5721.82617,-0.02871468
-5727.06201,-0.03630310
-5732.14111,-0.04622358
-5737.37695,-0.04523648
-5742.61279,-0.05278397
-5747.95361,-0.03710672
-5753.13721,-0.02550779
-5758.32080,-0.02071475
-5764.44678,-0.03888251
-5775.28516,-0.05950534
-5780.62598,0.00316350
-5785.86182,0.01565875
-5791.04541,-0.00952985
-5796.28125,-0.03069051
-5801.51709,-0.03602879
-5806.80566,-0.01985163
-5812.04150,-0.00768037
-5817.38232,0.00108783
-5822.61816,-0.00427630
-5827.90674,-0.01514173
-5833.19531,-0.03432996
-5838.48389,-0.02564008
-5844.71484,-0.01779892
-5849.95068,-0.00495957
-5855.23926,-0.03495710
-5860.52783,-0.06360905
-5865.86865,-0.07276995
-5871.20947,-0.05373826
-5876.55029,-0.01802283
-5881.99561,-0.01540751
-5904.45801,-0.15423819
-5909.90332,0.03546778
-5915.24414,0.02584379
-5920.63721,-0.00026301
-5926.03027,-0.02402199
-5931.42334,-0.03073438
-5936.81641,-0.00959073
-5942.26172,0.00432347
-5947.65479,0.00446477
-5953.10010,-0.01199051
-5958.54541,-0.03869969
-5963.99072,-0.05430983
-5969.43604,-0.04047383
-5974.88135,-0.02721908
-5981.21680,-0.04386260
-5986.60986,-0.05505169
-5992.16016,-0.06848577
-5997.71045,-0.03790883
-6003.10352,-0.03347662
-6008.49658,-0.01975110
-6019.54443,-0.07864082
-6024.93750,-0.01028856
-6030.33057,-0.00315289
-6035.61914,0.00902840
-6040.90771,-0.00018760
-6046.19629,-0.02056469
-6051.48486,-0.03737661
-6056.82568,-0.02382582
-6062.16650,-0.00611437
-6068.18799,0.02454053
-6073.42383,0.01699340
-6078.71240,-0.02810995
-6083.94824,-0.05596708
-6089.18408,-0.06354804
-6094.52490,-0.01894714
-6099.76074,-0.00357302
-6105.10156,-0.01066162
-6110.33740,-0.06801165
-6115.52100,-0.08813787
-6120.75684,-0.07734861
-6125.99268,-0.04691908
-6136.51709,-0.02878373
-6141.64844,-0.04820862
-6147.72217,-0.04583642
-6152.80127,-0.01787450
-6157.93262,0.01181611
-6162.90674,0.00387076
-6167.98584,-0.00603811
-6173.06494,-0.01885374
-6178.03906,-0.01296515
-6183.06543,0.00963224
-6187.98730,-0.01459195
-6192.96143,-0.00874195
-6197.93555,-0.02354840
-6203.69531,-0.02313972
-6208.72168,-0.01627328
-6213.69580,-0.02297796
-6218.56543,-0.01975763
-6223.48730,-0.02882052
-6228.30420,-0.04966144
-6233.12109,-0.05230008
-6237.93799,-0.05356753
-6247.62451,-0.09951797
-6252.44141,-0.03715858
-6257.20605,-0.03781331
-6261.91846,-0.04170424
-6266.68311,-0.05158518
-6272.18066,-0.01574393
-6276.89307,-0.00071460
-6281.60547,0.00225023
-6286.31787,-0.00472644
-6291.03027,-0.00962052
-6295.69043,0.01055573
-6300.35059,0.00760198
-6305.01074,0.00919191
-6309.77539,-0.01089173
-6314.38330,-0.01223354
-6319.04346,-0.00675418
-6323.70361,-0.01077194
-6328.31152,0.00376412
-6333.65234,0.00416477
-6338.20752,-0.01996722
-6347.47510,-0.07515945
-6352.03027,-0.04891343
-6356.48096,-0.04959296
-6360.82666,-0.03409905
-6365.32959,-0.03412847
-6369.78027,-0.05617209
-6374.23096,-0.04066998
-6378.57666,-0.02619898
-6383.02734,-0.03022744
-6387.37305,-0.02896253
-6391.71875,-0.02755185
-6396.79785,-0.01399217
-6401.24854,0.00592905
-6405.64697,0.00280522
-6409.88818,-0.00833052
-6414.18164,-0.01210818
-6418.52734,-0.00693962
-6422.76855,-0.01134460
-6427.06201,0.00571682
-6431.30322,0.00150443
-6435.59668,-0.01280702
-6444.28857,-0.04847126
-6448.58203,-0.01228871
-6452.77100,0.00356359
-6457.06445,0.01195011
-6461.30566,-0.01395426
-6466.22754,-0.02223060
-6470.41650,-0.02060227
-6474.60547,-0.02413136
-6478.74170,-0.02381130
-6482.87793,-0.04947761
-6487.01416,-0.05674040
-6491.25537,-0.02913632
-6495.33936,-0.02003335
-6499.47559,-0.00908018
-6503.50732,-0.03626556
-6507.48682,-0.05371295
-6511.51855,-0.05217843
-6515.49805,-0.02858954
-6520.10596,0.00492116
-6524.03271,0.01080110
-6527.90723,-0.01541407
-6535.97070,-0.03994825
-6539.89746,0.00780279
-6543.71973,0.02835288
-6547.48975,0.01356643
-6551.25977,-0.02114044
-6555.13428,-0.03412278
-6559.00879,-0.02345557
-6562.88330,0.01899624
-6566.60107,0.02791988
-6570.42334,-0.00495092
-6574.29785,-0.03338359
-6578.74854,-0.03232402
-6582.51855,-0.00386368
-6586.28857,0.00836676
-6589.95361,-0.00716469
-6593.56641,-0.02266153
-6597.28418,-0.04928235
-6601.10645,-0.06220664
-6604.87646,-0.03351112
-6608.54150,-0.01411005
-6616.02881,-0.04141928
-6619.69385,-0.06227157
-6623.35889,-0.05109605
-6626.97168,-0.02792556
-6631.21289,-0.00675484
-6634.82568,-0.01517313
-6638.38623,-0.01737487
-6641.94678,-0.04697519
-6645.61182,-0.02885268
-6649.22461,0.01940482
-6652.78516,0.02668782
-6656.29346,-0.00718656
-6659.85400,-0.03362394
-6663.41455,-0.02459467
-6667.02734,0.01448531
-6670.53564,0.03578228
-6674.61963,0.02569006
-6678.12793,-0.02169256
-6681.63623,-0.02889557
-6685.19678,-0.01636397
-6688.75732,0.01094229
-6695.93066,0.02190366
-6699.38623,-0.02656892
-6702.89453,-0.02142340
-6706.35010,-0.00939928
-6709.80566,0.00026258
-6713.26123,-0.00318782
-6716.66455,-0.00928418
-6720.06787,-0.02428688
-6723.47119,-0.03200407
-6726.82227,-0.03792083
-6730.69678,-0.02341447
-6733.99561,-0.01928481
-6737.24170,-0.02026855
-6740.54053,-0.02857832
-6743.73438,-0.04153832
-6746.98047,-0.03346021
-6750.17432,-0.01875572
-6753.36816,-0.01198320
-6756.50977,-0.02968085
-6759.70361,-0.03949674
-6763.42139,-0.03963798
-6769.91406,-0.03060845
-6773.05566,0.00509908
-6776.19727,-0.00462424
-6779.28662,-0.02953953
-6782.48047,-0.03831618
-6785.67432,-0.00864506
-6789.18262,0.02461912
-6792.32422,0.02332901
-6795.41357,0.00241050
-6798.45068,-0.01751785
-6801.54004,-0.02728747
-6804.68164,-0.01506758
-6807.77100,0.00793734
-6810.86035,0.01235383
-6813.89746,0.00307594
-6816.88184,-0.01403499
-6819.91895,-0.02579992
-6822.90332,-0.02292416
-6825.88770,0.00082676
-6828.87207,0.01196615
-6831.80420,0.00108827
-6837.77344,-0.05729041
-6840.65332,-0.01935591
-6843.53320,-0.00067603
-6846.83203,-0.01448221
-6849.76416,-0.04106012
-6852.64404,-0.04685267
-6855.47168,-0.01863618
-6858.24658,-0.01046782
-6860.96924,-0.01328446
-6863.69189,-0.02256641
-6866.41455,-0.04188980
-6869.13721,-0.03718898
-6871.85986,-0.02411986
-6874.58252,-0.01109966
-6877.30518,-0.01570212
-6879.97559,-0.03226168
-6882.59375,-0.03957458
-6885.78760,-0.03148238
-6888.40576,0.00052591
-6891.07617,0.00635879
-6896.36475,-0.02116140
-6898.93018,-0.01778043
-6901.49561,-0.01564287
-6904.16602,-0.01639042
-6906.78418,0.00118084
-6909.34961,0.01792086
-6911.86279,0.01335136
-6914.37598,-0.00983400
-6916.88916,-0.01510108
-6919.82129,-0.00574300
-6922.28223,0.01234127
-6924.74316,0.00680753
-6927.15186,-0.01202216
-6929.66504,-0.01513557
-6932.07373,-0.00701892
-6934.53467,0.00285957
-6936.89062,0.00799156
-6939.24658,-0.00153860
-6941.65527,-0.02017644
-6944.01123,-0.01935591
-6946.78613,-0.00670981
-6951.44629,0.03675814
-6953.75000,-0.01167831
-6956.05371,-0.03086653
-6958.35742,-0.02998113
-6960.66113,-0.01712676
-6962.91260,0.02063970
-6965.16406,0.02587695
-6967.31104,0.00600183
-6969.51025,-0.02856092
-6971.65723,-0.04228401
-6973.80420,-0.04270541
-6976.05566,-0.01370810
-6978.62109,0.02974919
-6980.66309,0.01905314
-6982.75732,-0.03194962
-6984.79932,-0.04692808
-6986.89355,-0.03697846
-6988.98779,-0.00818582
-6991.02979,0.00367612
-6993.01953,-0.02093139
-6995.00928,-0.02960858
-6999.14551,-0.03994319
-7001.13525,-0.00846379
-7003.12500,-0.01619666
-7005.06250,-0.02711267
-7007.05225,-0.01753370
-7009.25146,-0.00859557
-7011.24121,-0.00526656
-7013.07373,-0.01153711
-7014.95850,-0.02656892
-7016.84326,-0.03459726
-7018.72803,-0.01153711
-7020.61279,0.01871821
-7022.39307,0.00423879
-7024.17334,-0.01845939
-7025.95361,-0.04211879
-7028.10059,-0.03849125
-7029.82861,-0.00187557
-7031.55664,0.03023423
-7033.28467,0.02007679
-7034.95996,-0.00766168
-7038.41553,-0.04919942
-7040.14355,0.01746653
-7041.81885,0.03019954
-7043.38965,0.01884733
-7044.96045,-0.01369168
-7046.53125,-0.03518574
-7048.10205,-0.02014365
-7049.72510,0.00815489
-7051.24365,0.01720122
-7052.97168,0.01946482
-7054.43799,-0.01164985
-7055.90430,-0.02502523
-7057.37061,-0.02003519
-7058.83691,-0.00623577
-7060.25049,0.01684264
-7061.61182,0.01976853
-7062.97314,0.00934035
-7064.33447,-0.01902218
-7065.69580,-0.02974534
-7067.31885,-0.00903412
-7068.68018,0.03193232
-7071.35059,0.04853843
-7072.60742,-0.00714882
-7073.86426,-0.01845563
-7075.12109,-0.01722126
-7076.37793,-0.00228820
-7077.58203,0.00517763
-7078.83887,0.01096244
-7079.93848,0.00688136
-7081.09033,-0.00213815
-7082.24219,-0.03546274
-7083.39404,-0.01669939
-7084.75537,0.02793545
-7085.80273,0.03410597
-7086.90234,-0.01327635
-7088.00195,-0.03998721
-7089.10156,-0.01090046
-7090.09619,0.02264702
-7091.14355,0.00994053
-7092.19092,-0.02232385
-7093.29053,-0.02514828
-7094.33789,0.00550168
-7096.37988,-0.01918251
-7097.42725,-0.03305431
-7098.47461,-0.01632080
-7099.67871,0.01921182
-7100.67334,0.03256214
-7101.61572,0.00015005
-7102.61035,-0.03621174
-7103.55273,-0.03792408
-7104.54736,-0.02440725
-7105.54199,-0.00236659
-7106.48437,0.02723331
-7107.42676,0.02622050
-7108.31689,-0.00577676
-7109.20703,-0.04644888
-7110.35889,-0.06165912
-7111.30127,-0.01387924
-7112.19141,0.02983374
-7113.02930,0.03588439
-7113.81445,-0.01475031
-7114.59961,-0.04621365
-7115.43750,-0.04398664
-7117.16553,-0.01505011
-7118.00342,0.01539221
-7118.78857,0.02182521
-7119.57373,-0.00487748
-7120.35889,-0.03578592
-7121.14404,-0.02716382
-7121.98193,0.00052537
-7122.87207,0.02168320
-7123.65723,0.00341354
-7124.44238,-0.01751946
-7125.22754,-0.03009031
-7125.96045,-0.02731389
-7126.74561,-0.00574743
-7127.47852,0.00412626
-7128.21143,0.00210107
-7128.94434,-0.01639584
-7129.67725,-0.02464218
-7130.41016,-0.00536168
-7131.14307,0.00926350
-7131.92822,0.02621614
-7132.55664,0.00172588
-7134.54639,-0.07333378
-7135.17480,0.02487009
-7135.75098,0.03150962
-7136.32715,0.00221363
-7136.95557,-0.03222316
-7137.53174,-0.03668620
-7138.10791,-0.02854351
-7138.68408,-0.00836505
-7139.31250,0.02397469
-7139.83594,0.03140425
-7140.41211,0.01957699
-7140.93555,-0.01140580
-7141.45898,-0.02682069
-7142.03516,-0.01835400
-7142.61133,0.01464183
-7143.13477,0.02986200
-7143.65820,0.00495561
-7144.23437,-0.03187824
-7144.75781,-0.02761966
-7145.28125,0.01021525
-7145.80469,0.02839617
-7146.74707,-0.00924499
-7147.21826,-0.01684950
-7147.74170,-0.00364305
-7148.21289,0.01167556
-7148.63184,0.01039067
-7149.10303,-0.00473634
-7149.62646,-0.02586565
-7150.09766,-0.01047847
-7150.62109,0.02066881
-7151.09229,0.02607533
-7151.56348,0.00502653
-7152.08691,-0.02718701
-7152.55811,-0.02119974
-7153.08154,0.01529004
-7153.50049,0.03112929
-7153.86719,0.01271638
-7154.28613,-0.01382107
-7154.75732,-0.02462587
-7155.17627,-0.00664088
-7155.54297,0.02111895
-7156.17139,0.02955334
-7156.48535,-0.02848179
-7156.79932,-0.01861351
-7157.11328,0.01560210
-7157.37500,0.03098446
-7157.63672,0.00908701
-7157.84619,-0.02259026
-7158.05566,-0.02625802
-7158.26514,0.00011253
-7158.42236,0.02231441
-7158.52686,0.00758040
-7158.57910,-0.01757079
-7158.63135,-0.01866785
-7158.68359,0.00222128
-7158.63135,0.01125343
-7158.57910,-0.00060043
-7158.57910,-0.00502151
-7158.57910,0.00640532
-7158.52686,0.01172436
-7158.52686,0.00157580
-7158.47461,-0.00644540
-7158.47461,0.00664531
-7158.42236,0.00382150
-7158.42236,-0.00504156
-7158.42236,-0.00370986
-7158.42236,0.00292589
-7158.42236,0.00453334
-7158.42236,-0.00097411
-7158.42236,-0.00352177
-7158.42236,0.00089954
-7158.42236,0.00360183
-7158.37012,0.00109956
-7158.37012,-0.00198235
-7158.37012,-0.00056405
-7158.37012,0.00240908
-7158.37012,0.00082827
-7158.37012,-0.00059933
-7158.37012,-0.00048705
-7158.37012,0.00074916
-7158.37012,-0.00007495
-7158.37012,-0.00056267
-7158.37012,0.00003746
-7158.37012,0.00030739
-7158.37012,0.00004092
-7158.37012,-0.00007664
-7158.37012,0.00048725
-7158.37012,-0.00018729
-7158.37012,-0.00067534
-7158.37012,-0.00030553
-7158.37012,-0.00015081
-7158.37012,0.00064574
-7158.37012,0.00049956
-7158.37012,-0.00033850
-7158.37012,0.00011244
-7158.37012,0.00011322
-7158.37012,-0.00017530
-7158.37012,-0.00026226
-7158.37012,-0.00044950
-7158.37012,-0.00026231
-7158.37012,-0.00011295
-7158.37012,0.00052441
-7158.37012,0.00056198
-7158.37012,0.00003756
-7158.37012,-0.00051841
-7158.37012,-0.00022768
-7158.37012,0.00037466
-7158.37012,0.00007492
-7158.37012,-0.00011382
-7158.37012,-0.00003767
-7158.37012,0.00049380
-7158.37012,0.00000010
-7158.37012,-0.00011361
-7158.37012,-0.00030198
-7158.37012,-0.00026450
-7158.37012,-0.00007533
-7158.37012,-0.00026258
-7158.37012,0.00000010
-7158.37012,0.00033698
-7158.37012,0.00003789
-7158.37012,-0.00026221
-7158.37012,-0.00026226
-7158.37012,0.00033712
-7158.37012,-0.00007495
-7158.37012,-0.00007502
-7158.37012,-0.00023015
-7158.37012,0.00022475
-7158.37012,0.00029979
-7158.37012,-0.00013152
-7158.37012,0.00048715
-7158.37012,0.00064950
-7158.37012,0.00052944
-7158.37012,0.00003761
-7158.37012,0.00056267
-7158.37012,-0.00037458
-7158.37012,-0.00003747
-7158.37012,-0.00048695
-7158.37012,-0.00044968
-7158.37012,-0.00007504
-7158.37012,0.00043786
-7158.37012,0.00007493
-7158.37012,-0.00018729
-7158.37012,-0.00014989
-7158.37012,0.00011295
-7158.37012,-0.00052441
-7158.37012,0.00003746
-7158.37012,-0.00003841
-7158.37012,-0.00049112
-7158.37012,-0.00011249
-7158.37012,0.00041221
-7158.37012,-0.00042144
-7158.37012,0.00000010
-7158.37012,-0.00030101
-7158.37012,-0.00017518
-7158.37012,0.00018729
-7158.37012,-0.00026226
-7158.37012,0.00026231
-7158.37012,0.00048844
-7158.37012,-0.00026221
-7158.37012,-0.00011240
-7158.37012,-0.00059933
-7158.37012,-0.00003747
-7158.37012,0.00017591
-7158.37012,0.00003746
-7158.37012,-0.00041212
-7158.37012,-0.00007492
-7158.37012,-0.00007495
-7158.37012,-0.00107597

