0.00000,0.00048482
0.00000,0.00142002
0.00000,0.00013145
0.00000,-0.00011237
0.00000,0.00061162
0.00000,0.00037359
0.00000,0.00100869
0.00000,0.00093416
0.00000,0.00022635
0.00000,0.00018679
0.00000,0.00011208
0.00000,0.00011208
0.00000,-0.00048442
0.00000,0.00037466
0.00000,0.00052313
0.00000,0.00029881
0.00000,0.00085925
0.00000,0.00164446
0.00000,-0.00068249
0.00000,-0.00127954
0.00000,-0.00026258
0.00000,0.00190530
0.00000,0.00157328
0.00000,-0.00104754
0.00000,-0.00014944
0.00000,0.00119548
-0.05236,0.00176067
-0.05236,0.00131477
-0.05236,0.00059798
-0.05236,0.00048596
-0.05236,-0.00108407
-0.05236,-0.00086048
-0.10472,0.00056668
-0.10472,0.00056187
-0.15708,-0.00056813
-0.20944,-0.00168424
-0.31416,-0.00363121
-0.41888,-0.00439826
-0.57596,-0.00463644
-0.78540,-0.00502960
-1.04720,-0.00464006
-1.30900,-0.00187137
-1.62316,0.00367163
-2.04204,0.01083640
-2.51327,0.02480950
-2.98451,0.02601210
-3.50811,0.01657669
-3.97935,-0.00345737
-4.50295,-0.02575011
-5.13127,-0.02241449
-6.49262,0.01122347
-7.22566,0.02366376
-7.90634,0.01224877
-8.58702,-0.00565270
-9.47714,-0.02257795
-10.21018,-0.01671649
-11.04793,-0.00956831
-11.83333,0.00192515
-12.56637,0.01010290
-13.40413,0.00217256
-14.18953,0.00037458
-14.97493,-0.00018782
-15.81268,-0.00655515
-16.70280,-0.00292173
-17.59292,0.02236699
-18.64012,0.05181721
-19.53023,0.03809291
-20.42035,0.00543031
-21.36283,-0.02194592
-22.30531,-0.02545991
-23.30014,-0.01438681
-24.29498,0.00330101
-25.34218,0.01655130
-27.38421,0.03213661
-28.64085,-0.01160741
-29.74041,-0.02452431
-30.94469,-0.01769377
-32.14896,-0.00230356
-33.40560,0.01353985
-34.66224,0.03364415
-35.91888,0.02682069
-37.22787,0.01026350
-38.58923,-0.01142237
-40.00295,-0.02191740
-41.41666,-0.01142702
-43.19690,0.00499685
-44.76770,0.01127486
-46.33849,0.01255611
-47.96165,0.01030095
-49.58481,-0.01019689
-51.26032,-0.02248092
-53.04056,-0.00958117
-54.82079,0.01240618
-56.60103,0.01591966
-58.38126,0.01007826
-62.09882,-0.03139431
-64.40265,-0.01359237
-66.33997,0.00431373
-68.32964,0.01057504
-70.37168,0.00281279
-72.36136,-0.01082537
-74.45576,-0.01588220
-76.55016,-0.01520486
-78.69691,-0.01424275
-80.84366,-0.01058469
-83.04277,-0.00213511
-85.66077,0.00140116
-87.96460,0.00389802
-90.21607,-0.00093664
-92.57227,-0.00872568
-94.92846,-0.01098469
-97.33701,-0.00353397
-99.74557,-0.00289132
-102.15412,0.00243527
-104.61504,-0.00458664
-107.07595,-0.00753673
-109.53687,-0.04103674
-112.46902,-0.05933805
-117.70500,-0.05234024
-120.32300,0.00273611
-122.99335,0.02788580
-125.66371,0.04334335
-128.38643,0.05345382
-131.16150,0.06031770
-133.88422,0.04839772
-136.60693,0.01780706
-139.32965,-0.01664153
-142.10472,-0.04169575
-145.45575,-0.04588404
-148.38791,-0.02035271
-151.32007,-0.00108805
-154.30458,0.02350054
-157.34146,0.03606398
-160.43069,0.05106495
-163.46756,0.04274565
-166.55679,0.01485800
-169.64603,-0.02140862
-172.78761,-0.04041508
-175.92920,-0.03661088
-179.17551,-0.01899624
-185.87756,0.02064113
-189.17624,0.03682120
-193.05087,0.03166879
-196.29718,0.00225435
-199.59586,-0.03176052
-202.94688,-0.04167878
-206.29791,-0.04081588
-209.70131,-0.01802283
-213.15706,-0.00582019
-216.61281,0.01084617
-220.06856,0.01893655
-223.52431,0.01182813
-226.98006,-0.00544691
-231.01176,-0.01967031
-234.51988,-0.02317264
-238.02800,-0.01387836
-241.53612,-0.02196712
-245.09659,-0.02860733
-248.60471,-0.00852723
-252.21754,0.01567660
-255.83038,0.03439545
-263.21313,0.10805459
-266.82596,0.03668568
-270.33408,0.01403214
-273.89456,-0.01501679
-278.08334,-0.04369296
-281.69617,-0.03803305
-285.36136,-0.01147383
-289.07892,0.00587344
-292.79648,0.02603824
-296.51404,0.03275416
-300.28394,0.04320336
-304.05383,0.04894704
-307.87610,0.06340480
-311.80310,0.07987169
-315.78244,0.10432786
-319.70944,0.10803289
-324.31711,0.14844121
-328.34882,0.13207215
-332.38052,0.15166543
-336.41223,0.16095090
-340.54868,0.17635831
-344.63275,0.19531535
-353.06268,0.44143763
-357.19913,0.21202172
-361.38791,0.15566057
-365.52435,0.11853068
-369.66080,0.08736219
-373.84958,0.06396282
-378.71906,0.03709090
-382.90784,-0.01569255
-387.04428,-0.02676199
-391.23306,-0.09888290
-395.42184,-0.09732240
-399.61063,-0.13754272
-403.85178,-0.15815572
-408.04056,-0.18752931
-412.22934,-0.20205963
-416.41812,-0.23196939
-420.60690,-0.23995328
-424.79568,-0.25925779
-429.71750,-0.32000124
-433.90628,-0.28835052
-438.09506,-0.30579409
-442.28384,-0.32607540
-450.87085,-0.71145993
-454.58841,-0.39034507
-458.46304,-0.38781175
-462.23294,-0.32416651
-466.10757,-0.27205810
-469.98221,-0.22082931
-473.90921,-0.16885416
-477.78384,-0.13329491
-481.76318,-0.11483723
-486.42322,-0.08491994
-490.35022,-0.06480321
-494.38193,-0.04802597
-498.36127,-0.03035954
-502.34061,0.00093931
-506.37231,0.00225527
-510.35165,0.04087916
-514.43573,0.07306452
-518.41510,0.11187388
-522.44684,0.14278916
-526.47858,0.11321649
-531.13861,0.08414290
-535.17035,0.02808711
-543.49554,-0.05665596
-547.52728,-0.07516379
-551.61133,-0.11023054
-555.64307,-0.13787347
-559.72711,-0.16809539
-563.49701,-0.19342159
-567.26691,-0.22106470
-571.14154,-0.19551118
-574.91144,-0.15925944
-578.62897,-0.11211746
-582.45123,-0.09419284
-586.95416,-0.07536905
-590.77643,-0.03815041
-594.59869,-0.01210880
-598.42096,0.01113637
-602.29559,0.03027046
-606.17023,0.04532167
-610.04486,0.06736692
-613.86713,0.07997441
-617.68939,0.06479546
-621.61639,0.01389557
-629.26093,-0.09604733
-633.65918,-0.11932467
-637.42908,-0.08570565
-641.25134,-0.04474206
-645.07361,-0.00991999
-649.00061,0.01779901
-652.82288,0.03402124
-656.59277,0.02774153
-660.36267,-0.01318795
-664.13257,-0.04793137
-667.95483,-0.07973814
-671.77710,-0.04539864
-676.28003,-0.05907533
-680.20703,-0.02443983
-683.92456,-0.01478252
-687.74683,-0.01874488
-691.56909,-0.04223789
-695.39136,-0.07928867
-699.26599,-0.07263509
-703.14062,-0.07113053
-707.01526,-0.04622358
-710.83752,-0.03730110
-718.63916,-0.05454673
-722.40906,-0.06053668
-727.01672,-0.09171689
-730.94373,-0.07396265
-734.87073,-0.03175630
-738.79773,-0.01116931
-742.77710,0.01317977
-746.65173,0.00150260
-750.52637,-0.01276687
-754.45337,-0.04444829
-758.48511,-0.05691947
-762.41211,-0.01929658
-766.44385,-0.00360330
-771.15625,0.01034617
-775.13562,-0.01983426
-779.21967,-0.03073133
-783.25140,-0.04277490
-787.28314,-0.02777336
-791.31488,-0.04940991
-795.34662,-0.03523758
-799.37836,-0.04476938
-807.65125,-0.09864481
-811.73529,-0.07412809
-815.81934,-0.07592253
-819.90338,-0.06579445
-823.93512,-0.05915116
-828.69989,-0.04863665
-832.67926,-0.05165172
-836.71100,-0.06274676
-840.84741,-0.07692033
-844.87915,-0.06495874
-848.91089,-0.04326179
-853.04730,-0.04721906
-857.23608,-0.04368797
-861.37250,-0.02778107
-865.56128,-0.02366889
-869.69769,-0.03194173
-873.83411,-0.04474887
-878.75592,-0.06533084
-882.99707,-0.05273576
-887.18585,-0.04000450
-891.42700,-0.02950349
-895.72052,-0.04061099
-904.46460,-0.12148636
-908.81049,-0.05123817
-913.10400,-0.03946741
-917.34515,-0.02197099
-921.63867,-0.03635649
-925.87982,-0.04768801
-930.17334,-0.06294950
-934.41449,-0.07700147
-939.44104,-0.07453600
-943.73456,-0.06258113
-947.97571,-0.04336324
-952.32159,-0.04564282
-956.56274,-0.06089310
-960.85626,-0.07025534
-965.09741,-0.08877289
-969.33856,-0.06378101
-973.73682,-0.05967962
-978.03033,-0.03427151
-982.37622,-0.03878139
-986.77448,-0.04735574
-991.80103,-0.05272115
-1000.80695,-0.10730239
-1005.15283,-0.04082077
-1009.55109,-0.03297927
-1013.89697,-0.04049956
-1018.39990,-0.05361598
-1022.90283,-0.05519727
-1027.40576,-0.06348229
-1031.96106,-0.04662673
-1036.51636,-0.03736226
-1041.01929,-0.04208122
-1045.62695,-0.05202474
-1051.02002,-0.05978245
-1055.57532,-0.05079050
-1060.18298,-0.06136729
-1064.79065,-0.07142270
-1069.39832,-0.08511602
-1074.00598,-0.07783041
-1078.71838,-0.06886983
-1083.37842,-0.06529981
-1087.93372,-0.06095290
-1097.41089,-0.16123445
-1102.12329,-0.08151890
-1106.83569,-0.06769820
-1111.54810,-0.03884279
-1116.26050,-0.02862124
-1121.70593,-0.02705380
-1126.36597,-0.04059114
-1131.18311,-0.06584295
-1135.84314,-0.06800012
-1140.71265,-0.04765226
-1145.52979,-0.04208427
-1150.24219,-0.02888382
-1155.05933,-0.03959069
-1159.92883,-0.06129344
-1164.79834,-0.04545138
-1169.66785,-0.04852204
-1174.64209,-0.03902042
-1179.61633,-0.04631473
-1185.42822,-0.05857392
-1190.35010,-0.07029437
-1195.27197,-0.07626078
-1205.48218,-0.15252045
-1210.50867,-0.05762689
-1215.48291,-0.07395011
-1220.45715,-0.08172930
-1225.53601,-0.08747670
-1230.61487,-0.06668498
-1235.64136,-0.04735969
-1240.72021,-0.03528220
-1245.85144,-0.02651450
-1250.93030,-0.03758717
-1256.00916,-0.04872950
-1261.97815,-0.03545256
-1267.10938,-0.02274452
-1272.29297,-0.01905582
-1277.37183,-0.04377236
-1282.60779,-0.06731652
-1287.79138,-0.07437783
-1292.97498,-0.06311297
-1298.10620,-0.05739655
-1303.34216,-0.05355062
-1313.91882,-0.16745143
-1319.05005,-0.10541233
-1324.28601,-0.08781432
-1329.46960,-0.07284723
-1335.54333,-0.06766820
-1340.77930,-0.08696645
-1346.01526,-0.08975963
-1351.35596,-0.09603973
-1356.64429,-0.06409720
-1361.93262,-0.04919752
-1367.27332,-0.04210983
-1372.56165,-0.03954779
-1377.84998,-0.04358194
-1383.19067,-0.04087386
-1388.63611,-0.03626656
-1394.02917,-0.03486870
-1399.47461,-0.03455464
-1405.81018,-0.03585445
-1411.20325,-0.02710531
-1416.70105,-0.03864809
-1422.14648,-0.04512267
-1433.19446,-0.13395868
-1438.69226,-0.07457354
-1444.13770,-0.06796088
-1449.58313,-0.07950870
-1455.08093,-0.07328195
-1460.57874,-0.08169925
-1466.12891,-0.07496043
-1471.62671,-0.07963267
-1478.06702,-0.07582515
-1483.56482,-0.05387899
-1489.06262,-0.05223642
-1494.56042,-0.04299687
-1500.00586,-0.04484443
-1505.50366,-0.03524723
-1511.05383,-0.04883957
-1516.49927,-0.05854397
-1521.99707,-0.05690208
-1527.49487,-0.06174419
-1532.99268,-0.05986289
-1538.54285,-0.05705826
-1549.74780,-0.10590889
-1556.29285,-0.06475578
-1561.89539,-0.05499499
-1567.44556,-0.08097105
-1573.04810,-0.09284110
-1578.70300,-0.10627654
-1584.35791,-0.07731187
-1590.01282,-0.07421275
-1595.61536,-0.06842513
-1601.21790,-0.08036587
-1606.87280,-0.08342546
-1613.52246,-0.08885015
-1619.22974,-0.06746616
-1624.88464,-0.04070402
-1630.59192,-0.04545055
-1636.24683,-0.04854370
-1641.95410,-0.03784321
-1647.60901,-0.03899235
-1653.26392,-0.03640091
-1658.97119,-0.06502482
-1664.62610,-0.05633587
-1676.35474,-0.10744938
-1682.06201,-0.05657878
-1687.76929,-0.06341060
-1693.47656,-0.08596855
-1700.17859,-0.11505950
-1705.99048,-0.11337366
-1711.75012,-0.09696710
-1717.50977,-0.08822532
-1723.26941,-0.08627148
-1729.02905,-0.09081278
-1734.84094,-0.09438217
-1740.70520,-0.09435070
-1746.51709,-0.07442389
-1752.38135,-0.04851954
-1758.08862,-0.03274561
-1763.90051,-0.03845372
-1769.71240,-0.04672076
-1776.51917,-0.06678962
-1782.38342,-0.05713890
-1788.19531,-0.04985575
-1800.29041,-0.05887817
-1806.15466,-0.04294803
-1812.01892,-0.06806757
-1817.93555,-0.08866101
-1823.85217,-0.10715116
-1829.71643,-0.10172570
-1835.63306,-0.08815385
-1841.54968,-0.07086177
-1847.41394,-0.08992825
-1853.33057,-0.09939823
-1859.35193,-0.09355640
-1865.32092,-0.06928448
-1872.28479,-0.04787778
-1878.25378,-0.03411289
-1884.17041,-0.04294863
-1890.13940,-0.05682984
-1896.05603,-0.06103113
-1902.07739,-0.05159139
-1908.15112,-0.04456721
-1914.17249,-0.03774504
-1920.19385,-0.05102993
-1932.49841,-0.16673152
-1938.57214,-0.08231708
-1944.64587,-0.06861063
-1950.71960,-0.07700470
-1957.73584,-0.10580084
-1963.75720,-0.11596781
-1969.77856,-0.11463898
-1975.85229,-0.10058986
-1981.97839,-0.08540522
-1988.05212,-0.06287634
-1994.12585,-0.06238498
-2000.14722,-0.06193209
-2006.16858,-0.06337496
-2012.18994,-0.05202261
-2018.21130,-0.04202138
-2024.28503,-0.04153062
-2030.30640,-0.04023343
-2037.42737,-0.06077635
-2043.50110,-0.05100755
-2049.57495,-0.03965512
-2062.03662,-0.11121487
-2068.16284,-0.08598351
-2074.23657,-0.10607296
-2080.31030,-0.11935923
-2086.38403,-0.11208561
-2092.51025,-0.08493724
-2098.58398,-0.07807386
-2104.65771,-0.07545400
-2110.83618,-0.09090966
-2117.01465,-0.08787166
-2123.08838,-0.07465029
-2130.20923,-0.05209716
-2136.23071,-0.03871182
-2142.30444,-0.04520974
-2148.37817,-0.05428965
-2154.45190,-0.06503463
-2160.57812,-0.06164392
-2166.70435,-0.04964785
-2172.88281,-0.03208041
-2178.95654,-0.03739985
-2185.08276,-0.05820735
-2197.70142,-0.17191558
-2203.82764,-0.10283175
-2209.95386,-0.09255987
-2216.08008,-0.08728546
-2222.20630,-0.08351035
-2229.37964,-0.09606106
-2235.55811,-0.08479503
-2241.73657,-0.07558846
-2247.81030,-0.07595999
-2253.98877,-0.05980653
-2260.06250,-0.04753889
-2266.18872,-0.04351969
-2272.26245,-0.05729542
-2278.33618,-0.06171899
-2284.46240,-0.07396464
-2290.58862,-0.06730578
-2296.71484,-0.06406956
-2303.83569,-0.07377893
-2309.96191,-0.07321396
-2316.14038,-0.06877469
-2328.65430,-0.16691802
-2334.67578,-0.12698759
-2340.74951,-0.13837923
-2346.87573,-0.12731658
-2352.94946,-0.09443729
-2359.07568,-0.07510855
-2365.20190,-0.05180799
-2371.27563,-0.04419885
-2377.34937,-0.06223401
-2383.47559,-0.04974601
-2389.54932,-0.03516969
-2395.62305,-0.02875789
-2401.69678,-0.01074792
-2408.87012,-0.02966629
-2414.94385,-0.03803776
-2420.96533,-0.06118077
-2427.09155,-0.07364240
-2433.16528,-0.09212808
-2439.29150,-0.07586565
-2445.41772,-0.05559225
-2451.49146,-0.05552462
-2469.18921,-0.30309466
-2476.25781,-0.16720094
-2482.43628,-0.09622322
-2488.56250,-0.08211264
-2494.74097,-0.02485388
-2500.91943,-0.01379310
-2507.04565,0.01914113
-2513.17187,-0.01371954
-2520.24048,-0.04980078
-2526.26196,-0.07728048
-2532.33569,-0.09534721
-2538.35718,-0.09060859
-2544.37866,-0.06917581
-2550.40015,-0.04710561
-2556.42163,-0.05402130
-2562.44312,-0.06300052
-2568.46460,-0.09390955
-2574.43359,-0.10577184
-2580.55981,-0.10625992
-2586.63354,-0.10062741
-2598.99048,-0.14479290
-2605.01196,-0.07176351
-2612.02808,-0.08673282
-2618.10181,-0.07081229
-2624.17554,-0.06994631
-2630.19702,-0.05233667
-2636.16602,-0.03337795
-2642.13501,-0.02950641
-2648.10400,-0.04723973
-2654.02075,-0.06155606
-2659.98975,-0.07650413
-2666.01123,-0.07527304
-2671.98022,-0.05601599
-2677.94922,-0.04124625
-2684.02295,-0.06695192
-2691.03906,-0.08636893
-2697.00806,-0.08334684
-2703.02954,-0.08991349
-2709.05103,-0.09728818
-2715.02002,-0.09941688
-2720.98901,-0.09951788
-2733.24121,-0.19821922
-2739.31494,-0.08057668
-2745.33643,-0.05977596
-2751.30542,-0.05180294
-2757.27441,-0.05720861
-2763.13867,-0.06751781
-2769.10767,-0.05006693
-2775.02441,-0.04871377
-2780.99341,-0.02282836
-2786.96240,-0.04890586
-2793.92627,-0.05212690
-2799.84302,-0.05274637
-2805.86450,-0.03677462
-2811.88599,-0.05685298
-2817.80273,-0.04554768
-2823.77173,-0.05400094
-2829.79321,-0.07525460
-2835.70996,-0.10535856
-2841.62671,-0.12223473
-2847.54346,-0.12472665
-2859.63867,-0.21412192
-2865.66016,-0.07771380
-2871.57690,-0.06615417
-2877.44116,-0.05941138
-2883.25317,-0.05793906
-2890.11230,-0.04557324
-2895.92432,-0.03357271
-2901.73633,-0.01910345
-2907.54834,-0.02802676
-2913.30786,-0.04740783
-2919.06738,-0.05295043
-2924.82690,-0.05463288
-2930.63892,-0.04211542
-2936.39844,-0.06317478
-2942.05322,-0.05832023
-2947.70801,-0.07835579
-2954.30542,-0.10195576
-2959.96021,-0.10081044
-2965.61499,-0.10257718
-2971.26978,-0.09197731
-2976.87231,-0.09131976
-2988.44385,-0.18972114
-2994.09863,-0.08484019
-2999.75342,-0.06921262
-3005.35596,-0.03125448
-3010.95850,-0.01134229
-3016.50854,-0.02124141
-3022.00635,-0.04026138
-3027.60889,-0.05509966
-3033.15894,-0.05376145
-3038.70898,-0.02924924
-3045.20166,-0.02947053
-3050.85645,-0.01482908
-3056.45898,-0.04873550
-3062.00903,-0.07866441
-3067.61157,-0.09662747
-3073.10938,-0.08670206
-3078.60718,-0.08706408
-3084.15723,-0.09060923
-3089.60254,-0.09055054
-3095.15259,-0.09718035
-3106.40991,-0.17750679
-3112.01245,-0.07234084
-3117.51025,-0.06960802
-3123.95044,-0.07486382
-3129.50049,-0.06272347
-3135.10303,-0.04029411
-3140.60083,-0.02592041
-3146.15088,-0.01898954
-3151.70093,-0.03621618
-3157.25098,-0.06505124
-3162.80103,-0.07743939
-3168.35107,-0.06924614
-3174.00586,-0.05302525
-3179.55591,-0.02625786
-3186.15332,-0.06515712
-3191.70337,-0.05767382
-3197.25342,-0.09447397
-3202.85596,-0.09841755
-3208.51074,-0.09924211
-3214.21802,-0.07443251
-3219.76807,-0.06146470
-3231.23486,-0.14981388
-3236.83740,-0.07705496
-3242.49219,-0.06919912
-3248.09473,-0.04818754
-3253.69727,-0.05101955
-3259.29980,-0.04552740
-3264.90234,-0.04831011
-3271.44727,-0.07226040
-3277.04980,-0.05511554
-3282.65234,-0.05617896
-3288.25488,-0.03918586
-3293.90967,-0.05889656
-3299.61694,-0.06768306
-3305.32422,-0.07387473
-3311.03149,-0.07834885
-3316.79102,-0.07389759
-3322.49829,-0.06087820
-3328.20557,-0.04879466
-3333.96509,-0.07631862
-3340.71948,-0.10683148
-3352.55273,-0.20117535
-3358.36475,-0.06825943
-3364.22900,-0.04674878
-3370.04102,-0.04479172
-3375.90527,-0.05820191
-3381.71729,-0.06814442
-3387.52930,-0.06702224
-3393.39355,-0.05583976
-3399.25781,-0.05091340
-3405.12207,-0.04150455
-3411.03882,-0.04229485
-3416.95557,-0.06111695
-3422.92456,-0.05564521
-3429.94067,-0.07474012
-3435.90967,-0.05366550
-3441.87866,-0.07476278
-3447.90015,-0.06557973
-3453.97388,-0.07462145
-3459.99536,-0.07665630
-3466.06909,-0.10174137
-3472.19531,-0.11200608
-3484.44751,-0.20673737
-3490.57373,-0.06852254
-3496.64746,-0.05602739
-3502.72119,-0.05775584
-3509.84204,-0.07466221
-3515.96826,-0.06219545
-3522.09448,-0.05227399
-3528.22070,-0.02500296
-3534.34692,-0.03451512
-3540.47314,-0.04602633
-3546.65161,-0.07517997
-3552.88232,-0.08164380
-3559.06079,-0.08128130
-3565.23926,-0.07815903
-3571.41772,-0.05806863
-3577.54395,-0.07399532
-3583.77466,-0.08619449
-3591.00024,-0.14374082
-3597.17871,-0.14124601
-3603.40942,-0.14680077
-3616.02808,-0.18493968
-3622.25879,-0.03530927
-3628.54199,-0.02948916
-3634.77271,-0.05642560
-3640.95117,-0.07691094
-3647.18188,-0.07873600
-3653.51733,-0.04904651
-3659.85278,-0.01714699
-3666.18823,-0.00217921
-3673.57104,-0.04959634
-3679.90649,-0.06204520
-3686.24194,-0.09329343
-3692.52515,-0.10270607
-3698.96533,-0.08904403
-3705.35327,-0.06784968
-3711.74121,-0.06912586
-3718.07666,-0.09918424
-3724.41211,-0.10868301
-3730.80005,-0.12184463
-3737.18799,-0.09175178
-3743.57593,-0.06490843
-3756.56128,-0.05674611
-3762.89673,-0.02776412
-3769.23218,-0.05419960
-3776.56250,-0.06654435
-3782.95044,-0.06808349
-3789.33838,-0.05987843
-3795.62158,-0.05770435
-3801.95703,-0.06143117
-3808.34497,-0.08087471
-3814.73291,-0.09310576
-3821.06836,-0.10870138
-3827.56104,-0.08674296
-3833.94897,-0.08405989
-3840.33691,-0.08945766
-3846.77710,-0.11868816
-3853.26978,-0.10896210
-3859.70996,-0.11266137
-3867.24976,-0.08547717
-3873.63770,-0.05351310
-3880.02563,-0.05095642
-3893.06323,-0.13570830
-3899.50342,-0.07243819
-3905.89136,-0.05567477
-3912.27930,-0.03849619
-3918.66724,-0.04888378
-3925.00269,-0.06361470
-3931.39062,-0.07388262
-3937.77856,-0.07792541
-3944.21875,-0.06998861
-3950.65894,-0.06572390
-3958.09399,-0.06583969
-3964.37720,-0.07145087
-3970.71265,-0.09212803
-3977.15283,-0.12430608
-3983.54077,-0.11920882
-3990.03345,-0.10419345
-3996.42139,-0.06721029
-4002.80933,-0.04883219
-4009.14478,-0.04583877
-4015.53271,-0.04184484
-4021.86816,-0.06252012
-4034.80103,-0.11066993
-4041.18896,-0.05925186
-4047.57690,-0.07364893
-4055.06445,-0.07232321
-4061.50464,-0.05012174
-4067.94482,-0.06365954
-4074.33276,-0.07561997
-4080.72070,-0.09536022
-4087.16089,-0.10606645
-4093.54883,-0.11684816
-4099.93652,-0.11214022
-4106.42920,-0.10891603
-4112.97412,-0.10120573
-4119.51904,-0.09028408
-4125.95947,-0.06556843
-4132.50439,-0.04917481
-4140.09668,-0.04880275
-4146.53711,-0.02865875
-4153.02979,-0.04325951
-4159.52246,-0.04118757
-4172.87402,-0.09558086
-4179.41895,-0.04831826
-4185.96387,-0.05181250
-4192.50879,-0.07348493
-4199.05371,-0.07887518
-4205.65088,-0.09572279
-4212.35303,-0.09423893
-4218.95020,-0.10532098
-4225.49512,-0.11973655
-4233.19189,-0.14116549
-4239.89404,-0.11689108
-4246.59619,-0.08962736
-4253.24609,-0.08920616
-4259.84326,-0.08690628
-4266.49316,-0.08793940
-4273.14307,-0.06732293
-4279.68799,-0.05647979
-4286.33789,-0.04493775
-4292.93506,-0.05732401
-4299.53223,-0.07022824
-4306.12939,-0.06769820
-4319.69043,-0.12302036
-4326.28760,-0.07244702
-4332.88477,-0.06927429
-4340.52930,-0.10057174
-4347.17920,-0.09446717
-4353.77637,-0.10953596
-4360.26904,-0.08717038
-4366.76172,-0.09385496
-4373.25439,-0.06444649
-4379.74707,-0.08118627
-4386.29199,-0.06872451
-4392.78467,-0.06710840
-4399.22510,-0.04949066
-4405.56055,-0.02795395
-4412.00098,-0.04673143
-4418.38867,-0.05739915
-4425.92871,-0.09562773
-4432.42139,-0.06214590
-4438.86182,-0.05851035
-4445.30225,-0.04088749
-4458.44434,-0.16380596
-4464.88477,-0.11271924
-4471.32520,-0.10686029
-4477.76562,-0.10409230
-4484.31055,-0.09084266
-4490.75098,-0.07356507
-4497.19141,-0.06842931
-4503.57910,-0.07306273
-4509.96680,-0.09875295
-4516.45947,-0.08043917
-4523.94678,-0.07102205
-4530.38721,-0.02964767
-4536.72266,-0.04462382
-4543.11035,-0.06418374
-4549.39355,-0.09032346
-4555.78125,-0.09522811
-4562.11670,-0.08428893
-4568.50439,-0.05934966
-4574.94482,-0.05067535
-4581.33252,-0.05928943
-4594.16064,-0.18247031
-4600.54834,-0.11028878
-4608.03564,-0.13440919
-4614.52832,-0.09249511
-4620.91602,-0.06559918
-4627.30371,-0.05286986
-4633.69141,-0.06390306
-4640.02686,-0.07822018
-4646.41455,-0.07281674
-4652.80225,-0.05549789
-4659.18994,-0.03572152
-4665.52539,-0.03478049
-4671.80859,-0.04623206
-4678.09180,-0.06750049
-4684.37500,-0.08079256
-4691.70557,-0.08286954
-4698.04102,-0.06353513
-4704.32422,-0.06926482
-4710.60742,-0.07333440
-4716.83838,-0.09989612
-4723.06934,-0.11320183
-4735.68799,-0.24970566
-4741.91895,-0.08451450
-4748.25439,-0.05870828
-4754.48535,-0.05180085
-4760.66357,-0.05861126
-4766.84180,-0.05720305
-4774.11963,-0.04843096
-4780.40283,-0.02346484
-4786.63379,-0.02228308
-4792.86475,-0.04140538
-4799.04297,-0.06913360
-4805.22119,-0.09365136
-4811.39941,-0.10141408
-4817.63037,-0.09988198
-4823.86133,-0.08851068
-4830.14453,-0.07106393
-4836.32275,-0.07231241
-4842.50098,-0.09064611
-4848.67920,-0.10626067
-4855.95703,-0.11903516
-4868.62793,-0.14068994
-4874.85889,-0.03843911
-4880.93262,-0.05186514
-4887.00635,-0.07021915
-4893.08008,-0.07382213
-4899.15381,-0.05305199
-4905.22754,-0.03266031
-4911.30127,-0.03203176
-4917.32275,-0.04730792
-4923.34424,-0.06808531
-4929.36572,-0.08624130
-4935.38721,-0.07346966
-4941.46094,-0.05834809
-4947.43018,-0.05921429
-4954.49854,-0.07582980
-4960.46777,-0.09488988
-4966.43701,-0.10302402
-4972.40625,-0.09467991
-4978.42773,-0.08588872
-4984.34424,-0.07587433
-4990.26074,-0.07679185
-5002.40820,-0.14558192
-5008.32471,-0.06585878
-5014.18896,-0.06610880
-5020.05322,-0.05401649
-5025.91748,-0.05098202
-5031.78174,-0.04228995
-5037.64600,-0.05150034
-5044.50537,-0.05590381
-5050.31738,-0.06451542
-5056.12939,-0.07205772
-5061.94141,-0.06760305
-5067.80566,-0.05365955
-5073.61768,-0.04051237
-5079.48193,-0.06573014
-5085.29395,-0.07816087
-5091.10596,-0.10804583
-5096.91797,-0.10439933
-5102.78223,-0.09338809
-5109.58887,-0.08745032
-5115.40088,-0.06759936
-5127.28662,-0.15840039
-5133.04639,-0.09034088
-5138.85840,-0.07973465
-5144.56543,-0.05434974
-5150.37744,-0.03338187
-5156.13721,-0.03762028
-5161.84424,-0.04566672
-5167.55127,-0.04437463
-5173.25830,-0.04767953
-5178.96533,-0.04378977
-5184.67236,-0.04385406
-5190.32715,-0.04380549
-5196.92432,-0.07116871
-5202.57910,-0.07635134
-5208.23389,-0.08649435
-5213.88867,-0.08808045
-5219.54346,-0.09344152
-5225.14600,-0.08919582
-5230.80078,-0.09147009
-5236.45557,-0.09380193
-5242.16260,-0.09455991
-5253.78662,-0.13491072
-5259.38916,-0.05572005
-5264.99170,-0.06934005
-5270.69873,-0.07536818
-5276.40576,-0.05653655
-5282.06055,-0.03547242
-5288.65771,-0.01207061
-5294.31250,-0.01959915
-5299.91504,-0.03880453
-5305.51758,-0.06351261
-5311.12012,-0.06134327
-5316.72266,-0.04928759
-5322.32520,-0.04223789
-5327.92773,-0.03865252
-5333.53027,-0.05929850
-5339.13281,-0.07408553
-5345.62549,-0.11943554
-5351.17578,-0.10901125
-5356.77832,-0.10419727
-5362.32861,-0.07691386
-5373.69092,-0.11815650
-5379.18848,-0.06996508
-5384.79102,-0.07523169
-5390.34131,-0.07815474
-5395.89160,-0.05656328
-5401.44189,-0.03023899
-5406.93945,-0.02342620
-5412.43701,-0.03834596
-5417.93457,-0.06250797
-5423.48486,-0.07121439
-5429.03516,-0.06898355
-5435.52783,-0.05571456
-5441.07813,-0.03264389
-5446.62842,-0.03297526
-5452.23096,-0.05550566
-5457.83350,-0.07875755
-5463.38379,-0.10147969
-5468.93408,-0.10156947
-5474.58887,-0.09298974
-5480.19141,-0.08084177
-5485.74170,-0.07662319
-5497.20850,-0.21858372
-5502.91553,-0.09721696
-5508.57031,-0.07010739
-5514.22510,-0.03791157
-5519.77539,-0.04175874
-5526.32031,-0.04879919
-5531.92285,-0.06376947
-5537.57764,-0.04607286
-5543.18018,-0.04795915
-5548.83496,-0.03300611
-5554.48975,-0.04254937
-5560.14453,-0.04709814
-5565.74707,-0.05544193
-5571.34961,-0.06713872
-5577.00439,-0.07373226
-5582.65918,-0.07141679
-5589.25635,-0.06356805
-5594.91113,-0.06183197
-5600.40869,-0.08068714
-5606.01123,-0.09541718
-5617.37354,-0.18868895
-5623.08057,-0.06631568
-5628.68311,-0.05415443
-5634.28564,-0.05800452
-5639.83594,-0.07410035
-5645.38623,-0.07256728
-5650.93652,-0.06084358
-5656.48682,-0.04196850
-5662.03711,-0.03722702
-5668.52979,-0.04773426
-5674.08008,-0.04843098
-5679.63037,-0.06277093
-5685.18066,-0.05916318
-5690.78320,-0.05613668
-5696.28076,-0.03166177
-5701.83105,-0.03808962
-5707.43359,-0.05341887
-5713.03613,-0.07034626
-5718.63867,-0.08590554
-5724.24121,-0.07152955
-5730.78613,-0.09104840
-5742.20068,-0.16829452
-5747.85547,-0.09382351
-5753.56250,-0.09079451
-5759.16504,-0.06289639
-5764.76758,-0.05593411
-5770.31787,-0.06237038
-5775.86816,-0.06199499
-5781.52295,-0.08149325
-5787.07324,-0.06213160
-5792.72803,-0.04489563
-5798.33057,-0.03335446
-5803.98535,-0.02984470
-5809.64014,-0.06257196
-5816.18506,-0.05682291
-5821.83984,-0.07555062
-5827.49463,-0.04552805
-5833.09717,-0.05237609
-5838.75195,-0.04984427
-5844.30225,-0.07861847
-5849.95703,-0.10427587
-5861.37158,-0.23901099
-5867.02637,-0.09104003
-5872.68115,-0.05997687
-5878.23145,-0.04802443
-5883.78174,-0.05240350
-5889.33203,-0.07217203
-5894.88232,-0.07097746
-5901.42725,-0.06021934
-5906.97754,-0.03372309
-5912.52783,-0.02351968
-5918.02539,-0.03913893
-5923.57568,-0.04256359
-5929.07324,-0.07485057
-5934.67578,-0.07089934
-5940.27832,-0.07887149
-5945.82861,-0.04092909
-5951.43115,-0.05087588
-5957.03369,-0.04949566
-5963.52637,-0.08978283
-5969.07666,-0.08367160
-5974.73145,-0.09177893
-5986.09375,-0.13351768
-5991.59131,-0.06428817
-5997.08887,-0.07875256
-6002.53418,-0.09355356
-6007.97949,-0.08452504
-6013.42480,-0.07010890
-6018.87012,-0.05450414
-6024.26318,-0.04741447
-6029.60400,-0.05240350
-6035.04932,-0.06199414
-6040.44238,-0.06417829
-6046.72559,-0.06830595
-6052.17090,-0.04590509
-6057.56396,-0.05034353
-6062.95703,-0.06080469
-6068.35010,-0.06059151
-6073.74316,-0.05897355
-6079.08398,-0.05726681
-6084.52930,-0.07011233
-6089.87012,-0.07314373
-6100.76074,-0.15315813
-6106.04932,-0.07655723
-6111.28516,-0.08642403
-6116.57373,-0.07786752
-6121.86230,-0.07441566
-6127.15088,-0.06373195
-6133.22461,-0.07138264
-6138.46045,-0.05730330
-6143.69629,-0.07114498
-6148.87988,-0.05002311
-6154.01123,-0.04062415
-6159.19482,-0.03669366
-6164.37842,-0.04511099
-6169.50977,-0.05012794
-6174.64111,-0.04817776
-6179.82471,-0.04783683
-6184.95605,-0.04061015
-6190.24463,-0.04700619
-6196.31836,-0.06478377
-6201.50195,-0.06685822
-6206.68555,-0.08109976
-6217.26221,-0.14166152
-6222.44580,-0.07279304
-6227.68164,-0.09507672
-6232.86523,-0.09346100
-6237.99658,-0.09518942
-6243.23242,-0.07594077
-6248.41602,-0.06505913
-6253.59961,-0.04433854
-6258.67871,-0.05226409
-6263.75781,-0.05461667
-6269.83154,-0.09550168
-6274.96289,-0.05005267
-6280.04199,-0.03372966
-6285.17334,-0.01669260
-6290.25244,-0.03242397
-6295.33154,-0.03581757
-6300.46289,-0.06435233
-6305.54199,-0.05447133
-6310.62109,-0.05004252
-6315.75244,-0.03833670
-6326.06738,-0.08129404
-6331.14648,-0.06829296
-6336.22559,-0.08451330
-6341.30469,-0.06862240
-6347.16895,-0.08731522
-6352.30029,-0.07304730
-6357.32666,-0.08383809
-6362.45801,-0.07849350
-6367.53711,-0.07952427
-6372.61621,-0.05895444
-6377.74756,-0.06583905
-6382.82666,-0.05626076
-6387.74854,-0.06554583
-6392.82764,-0.07368702
-6397.95898,-0.06608714
-6403.09033,-0.02341270
-6408.16943,-0.02133813
-6414.03369,-0.04856096
-6419.06006,-0.04306315
-6424.08643,-0.05567832
-6429.11279,-0.03350788
-6439.42773,-0.04662037
-6444.40186,-0.01785545
-6449.42822,-0.04657099
-6454.40234,-0.05341335
-6459.42871,-0.07100917
-6464.40283,-0.05814275
-6469.32471,-0.07003388
-6474.24658,-0.07997441
-6480.11084,-0.11680488
-6485.03271,-0.10181386
-6490.00684,-0.10022627
-6494.98096,-0.07975539
-6499.90283,-0.04390626
-6504.92920,-0.04804220
-6509.90332,-0.05744371
-6514.82520,-0.06818818
-6519.69482,-0.07159867
-6524.66895,-0.05958318
-6529.69531,-0.03500415
-6534.61719,0.00210363
-6544.56543,-0.01730537
-6550.22021,-0.06542021
-6555.14209,-0.08020318
-6560.01172,-0.06402639
-6564.88135,-0.04256395
-6569.75098,-0.01358191
-6574.62061,-0.00885630
-6579.43750,-0.04154676
-6584.25439,-0.06921190
-6589.01904,-0.10251866
-6593.78369,-0.08537047
-6598.54834,-0.07412262
-6604.20313,-0.05330240
-6608.96777,-0.06396019
-6613.68018,-0.06909528
-6618.34033,-0.09077653
-6623.05273,-0.07602912
-6627.76514,-0.06579050
-6632.42529,-0.03154713
-6637.08545,-0.03269907
-6641.69336,-0.05146571
-6651.06592,-0.11892891
-6655.67383,-0.02134159
-6660.22900,-0.02194866
-6664.78418,-0.04427100
-6670.07275,-0.05803970
-6674.57568,-0.05273018
-6679.18359,-0.03457942
-6683.68652,-0.04766345
-6688.18945,-0.03179393
-6692.69238,-0.04889731
-6697.19531,-0.03247778
-6701.75049,-0.04573106
-6706.25342,-0.04726204
-6710.70410,-0.06249774
-6715.10254,-0.05048720
-6719.55322,-0.05695994
-6723.89893,-0.05470559
-6728.92529,-0.08054754
-6733.21875,-0.07334156
-6737.51221,-0.06406667
-6746.20410,-0.16250850
-6750.44531,-0.06346107
-6754.63428,-0.05716745
-6758.82324,-0.05575336
-6762.95947,-0.06213338
-6767.04346,-0.07460312
-6771.23242,-0.06270019
-6775.36865,-0.05807090
-6779.50488,-0.02079027
-6783.53662,-0.01934985
-6788.24902,-0.03192634
-6792.28076,-0.05686962
-6796.26025,-0.05939147
-6800.23975,-0.04436413
-6804.21924,-0.03211953
-6808.09375,-0.00845038
-6812.02051,-0.00961075
-6815.89502,-0.02758943
-6819.71729,-0.04953527
-6823.59180,-0.05533655
-6827.36182,-0.04512547
-6835.21582,-0.07044442
-6838.98584,-0.02897198
-6842.75586,-0.05020496
-6846.47363,-0.07068826
-6850.87207,-0.08846107
-6854.58984,-0.05510768
-6858.25488,-0.04563041
-6861.86768,-0.03142977
-6865.48047,-0.05238730
-6869.14551,-0.06654409
-6872.75830,-0.06238511
-6876.31885,-0.04339153
-6879.87939,-0.05047688
-6883.38770,-0.04474095
-6886.89600,-0.02790852
-6890.40430,-0.02394692
-6894.43604,-0.04468821
-6897.89160,-0.04555511
-6901.29492,-0.02646714
-6904.64600,-0.02394205
-6911.40039,-0.06538463
-6914.75146,-0.04127988
-6918.05029,-0.02246380
-6921.29639,-0.01733734
-6924.59521,-0.00573224
-6927.84131,-0.01529783
-6931.03516,-0.02057304
-6934.22900,-0.03196772
-6937.37061,-0.02356199
-6940.56445,-0.02035450
-6943.75830,-0.01877985
-6947.31885,-0.01294498
-6950.35596,-0.02798924
-6953.34033,-0.03333728
-6956.32471,-0.04206745
-6959.30908,-0.04478759
-6962.24121,-0.02727211
-6965.12109,-0.01088053
-6967.94873,-0.03702380
-6970.72363,-0.04962765
-6973.49854,-0.07179692
-6984.75586,-0.19967042
-6987.42627,-0.05645313
-6990.04443,-0.06685382
-6992.55762,-0.04729721
-6995.12305,-0.03538992
-6997.68848,-0.04236211
-7000.20166,-0.04225084
-7002.66260,-0.05486551
-7005.07129,-0.03765383
-7007.89893,-0.03879813
-7010.25488,-0.03462307
-7012.61084,-0.03198721
-7014.91455,-0.03759481
-7017.21826,-0.02858954
-7019.52197,-0.02351968
-7021.77344,-0.01553290
-7023.97266,-0.00548559
-7026.11963,-0.01517005
-7028.26660,-0.03125340
-7030.72754,-0.03130154
-7034.91650,-0.02788683
-7037.01074,-0.01135812
-7039.00049,-0.01163801
-7040.93799,-0.01315573
-7042.87549,-0.01557374
-7044.81299,-0.01414634
-7046.69775,-0.01621527
-7048.53027,-0.01054286
-7050.36279,-0.00879376
-7052.19531,-0.01331657
-7053.92334,-0.00660605
-7055.65137,-0.02354840
-7057.43164,-0.01670253
-7059.36914,-0.00986565
-7060.99219,-0.00799644
-7062.61523,-0.02157347
-7064.23828,-0.02218130
-7065.80908,-0.01834310
-7067.37988,-0.00476298
-7068.89844,-0.00769141
-7070.41699,-0.02213626
-7073.40137,-0.04436718
-7074.86768,-0.01543289
-7076.22900,-0.01099533
-7077.53809,-0.01062931
-7078.89941,-0.03682545
-7080.47021,-0.03243256
-7081.72705,-0.00416631
-7082.93115,0.00618939
-7084.18799,-0.01474800
-7085.39209,-0.02448733
-7086.59619,-0.02340714
-7087.80029,-0.01492956
-7088.89990,-0.00813998
-7090.05176,-0.02086061
-7091.20361,-0.02185832
-7092.51270,-0.03088464
-7093.56006,-0.01406966
-7094.60742,-0.01327635
-7095.65479,-0.01187292
-7096.64941,-0.01576847
-7098.53418,-0.04004615
-7099.42432,-0.02605414
-7100.31445,-0.01363652
-7101.15234,-0.00034138
-7101.93750,0.00349850
-7102.72266,-0.00915838
-7103.40332,-0.03173469
-7104.24121,-0.01615548
-7104.92188,0.00015038
-7105.55029,-0.00423879
-7106.17871,-0.01582124
-7106.75488,-0.01778043
-7107.38330,-0.01380983
-7107.90674,0.00045069
-7108.37793,0.00746326
-7108.84912,-0.01871821
-7109.37256,-0.03084076
-7109.89600,-0.01179698
-7110.31494,0.02091514
-7110.68164,0.01658344
-7111.04834,-0.01780452
-7111.78125,-0.03445208
-7112.14795,0.01354149
-7112.40967,0.01066649
-7112.72363,-0.01015489
-7112.98535,-0.02325710
-7113.35205,-0.01474800
-7113.61377,0.01618717
-7113.87549,0.01264136
-7114.13721,-0.01215371
-7114.39893,-0.01728336
-7114.71289,0.00421008
-7114.92236,0.01011317
-7115.18408,-0.00742727
-7115.39355,-0.01346387
-7115.60303,0.00120061
-7115.81250,0.00844179
-7115.96973,-0.00320145
-7116.12695,-0.01366528
-7116.28418,-0.00270192
-7116.33643,0.01066003
-7116.38867,0.00330437
-7116.44092,-0.00769644
-7116.38867,0.00260936
-7116.38867,0.00086505
-7116.33643,0.00289140
-7116.33643,0.00623450
-7116.38867,0.00157356
-7116.38867,-0.00258882
-7116.38867,-0.00179835
-7116.38867,0.00101157
-7116.38867,-0.00011267
-7116.38867,0.00014986
-7116.38867,0.00228540
-7116.38867,0.00170796
-7116.38867,-0.00138679
-7116.38867,-0.00120037
-7116.38867,-0.00014983
-7116.38867,0.00007496
-7116.38867,0.00030198
-7116.38867,0.00127513
-7116.38867,-0.00003752
-7116.38867,-0.00072084
-7116.38867,0.00084742
-7116.38867,0.00052612
-7116.38867,-0.00033953
-7116.38867,0.00029979
-7116.38867,-0.00008760
-7116.38867,-0.00022475
-7116.38867,0.00097431
-7116.38867,0.00018760
-7116.38867,0.00007492
-7116.38867,-0.00003746
-7116.38867,-0.00014986
-7116.38867,0.00071199
-7116.38867,0.00097530
-7116.38867,0.00070070
-7116.38867,0.00007493
-7116.38867,-0.00034008
-7116.38867,0.00015002
-7116.38867,0.00086276
-7116.38867,-0.00034131
-7116.38867,-0.00026418
-7116.38867,0.00037565
-7116.38867,0.00080425
-7116.38867,0.00007522
-7116.38867,0.00000010
-7116.38867,-0.00007487
-7116.38867,0.00013140
-7116.38867,0.00033760
-7116.38867,-0.00029966
-7116.38867,-0.00029973
-7116.38867,0.00022479
-7116.38867,-0.00007496
-7116.38867,0.00048755
-7116.38867,-0.00003747
-7116.38867,0.00003746
-7116.38867,0.00030902
-7116.38867,0.00030003
-7116.38867,0.00067507
-7116.38867,0.00059957
-7116.38867,0.00041750
-7116.38867,0.00007547
-7116.38867,0.00030064
-7116.38867,0.00041254
-7116.38867,0.00061240
-7116.38867,0.00011237
-7116.38867,0.00044959
-7116.38867,0.00041380
-7116.38867,0.00052441
-7116.33643,0.00021897
-7116.33643,0.00063769
-7116.33643,-0.00022484
-7116.33643,0.00048874
-7116.33643,0.00037496
-7116.33643,-0.00018733
-7116.33643,-0.00059957
-7116.33643,0.00026493
-7116.33643,0.00022525
-7116.33643,0.00043802
-7116.33643,0.00072055
-7116.33643,0.00041498
-7116.33643,0.00030064
-7116.33643,0.00041254
-7116.33643,0.00033747
-7116.33643,0.00030009
-7116.33643,0.00080569
-7116.33643,0.00015044
-7116.33643,0.00059945
-7116.33643,0.00037473
-7116.33643,0.00026253
-7116.33643,0.00026231
-7116.33643,0.00026304
-7116.33643,0.00037458
-7116.33643,0.00007493
-7116.33643,-0.00033726
-7116.33643,0.00045380
-7116.33643,0.00041288
-7116.33643,0.00041212
-7116.33643,-0.00003747
-7116.33643,0.00079704
-7116.33643,0.00011324
-7116.33643,-0.00035151
-7116.33643,0.00007493
-7116.33643,0.00000010
-7116.33643,-0.00041170
-7116.33643,0.00000010
-7116.33643,0.00023061
-7116.33643,0.00011237
-7116.33643,0.00041204
-7116.33643,0.00003747
-7116.33643,0.00078758
-7116.33643,0.00052452
-7116.33643,0.00013138
-7116.33643,-0.00014989
-7116.33643,0.00018927
-7116.33643,0.00003754
-7116.33643,-0.00018733
-7116.33643,0.00000010
-7116.33643,0.00045472
-7116.33643,0.00045298
-7116.33643,0.00007522
-7116.33643,-0.00014986
-7116.33643,-0.00029966
-7116.33643,0.00000010
-7116.33643,0.00003744
-7116.33643,0.00037580
-7116.33643,0.00037466
-7116.33643,0.00109945
-7116.33643,0.00059969
-7116.33643,0.00094008
-7116.33643,0.00086153
-7116.33643,0.00029973
-7116.33643,-0.00004379
-7116.33643,0.00003785
-7116.33643,0.00045041
-7116.33643,0.00078662
-7116.33643,0.00022479
-7116.33643,0.00044968
-7116.33643,0.00015188
-7116.33643,0.00030223
-7116.33643,0.00037565
-7116.33643,0.00000010
-7116.33643,0.00000010
-7116.33643,0.00030640
-7116.33643,0.00022502
-7116.33643,0.00003747
-7116.33643,0.00011237
-7116.33643,-0.00011242
-7116.33643,0.00022507
-7116.33643,-0.00003807
-7116.33643,0.00059933
-7116.33643,0.00059933
-7116.33643,-0.00029979
-7116.33643,0.00044198
-7116.33643,0.00044995
-7116.33643,-0.00018733
-7116.33643,-0.00037473
-7116.33643,-0.00060702
-7116.33643,0.00022667
-7116.33643,-0.00041321
-7116.33643,0.00014983
-7116.33643,0.00052463
-7116.33643,-0.00007502
-7116.33643,-0.00022507
-7116.33643,0.00056922
-7116.33643,0.00041212
-7116.33643,0.00003746
-7116.33643,-0.00007495
-7116.33643,0.00015005
-7116.33643,0.00065216
-7116.33643,0.00033719
-7116.33643,0.00029979
-7116.33643,0.00053104
-7116.33643,0.00048745
-7116.33643,0.00044959
-7116.33643,0.00035029
-7116.33643,-0.00007495
-7116.33643,0.00018996
-7116.33643,-0.00007547
-7116.33643,-0.00007513
-7116.33643,0.00059933
-7116.33643,0.00003747
-7116.33643,0.00048765
-7116.33643,0.00029973
-7116.33643,0.00007492
-7116.33643,-0.00013138
-7116.33643,0.00037473
-7116.33643,0.00052527
-7116.33643,0.00082408
-7116.33643,0.00044968
-7116.33643,0.00000010
-7116.33643,0.00003839
-7116.33643,-0.00018985
-7116.33643,0.00014998
-7116.33643,0.00003746
-7116.33643,0.00063705
-7116.33643,0.00053136
-7116.33643,0.00049053
-7116.33643,-0.00026336
-7116.33643,0.00041212
-7116.33643,0.00033726
-7116.33643,-0.00022566
-7116.33643,0.00060006
-7116.33643,0.00029960
-7116.33643,0.00071185
-7116.33643,0.00018737
-7116.33643,-0.00052516
-7116.33643,0.00008759
-7116.33643,0.00022475
-7116.33643,0.00063692
-7116.33643,0.00044968
-7116.33643,0.00026258
-7116.33643,0.00115500
-7116.33643,0.00018748
-7116.33643,0.00037473
-7116.33643,0.00052666
-7116.33643,-0.00007592
-7116.33643,0.00045270
-7116.33643,0.00045078
-7116.33643,0.00083237
-7116.33643,0.00071257
-7116.33643,0.00059945
-7116.33643,-0.00003747
-7116.33643,0.00018729
-7116.33643,0.00071199
-7116.33643,-0.00018756
-7116.33643,0.00018729
-7116.33643,0.00003747
-7116.33643,0.00026272
-7116.33643,-0.00041221
-7116.33643,-0.00007516
-7116.33643,0.00048725
-7116.33643,0.00003775

